4 0.0708067484375 0.10246 0.0030766875 0.11130222187500001 0.0386687109375 0.3183711109375 0.24903067499999998 0.31202 0.0708067484375 0.10246
2 0.4389417171875 0.3162533328125 0.2178006140625 0.1001911109375 0.05912269999999999 0.09610888906250001 0.2461104296875 0.32472 0.4389417171875 0.3162533328125
4 0.2178006140625 0.0979688890625 0.4418619625 0.32472 0.6113220859374999 0.32260444375 0.3951165640625 0.100342221875 0.2178006140625 0.0979688890625
4 0.398036809375 0.10246 0.6165736203125001 0.3157466671875 0.7866227 0.3077866671875 0.5733404906249999 0.100342221875 0.398036809375 0.10246
4 0.5762607359375 0.1088088890625 0.7944877296875 0.31352444375 0.9531595093749999 0.3035533328125 0.7486411046875 0.100342221875 0.5762607359375 0.1088088890625
4 0.9940644171875 0.15114444375 0.9414723921875 0.10457555624999999 0.7546104296875 0.10463555625000001 0.92686503125 0.30143555625 0.996932515625 0.3077866671875 0.9940644171875 0.15114444375
4 0.00921165625 0.591302221875 0.0006871171875 0.94070444375 0.2548742328125 0.6147199999999999 0.00921165625 0.591302221875
2 0.00921165625 0.9246355562499999 0.1993619625 0.9977777781249999 0.45062883437499995 0.6083688890625 0.2607177921875 0.5935511109375 0.00921165625 0.9246355562499999
4 0.6259294484375 0.6062533328125 0.45399693281250003 0.5890799999999999 0.23149999999999998 0.9576377781250001 0.4447852765625 0.9977777781249999 0.6259294484375 0.6062533328125
4 0.804153375 0.6316533328125 0.6380460125 0.611302221875 0.4447852765625 0.9745733328125 0.66683435625 0.98515555625 0.804153375 0.6316533328125
4 0.996932515625 0.629537778125 0.8006227000000001 0.606857778125 0.6551472390625 0.9977777781249999 0.8859601234375001 0.9915066671874999 0.996932515625 0.629537778125