4 0.787082221875 0.3675454546875 0.63137555625 0.6000592890625 0.6949466671875 0.7794822140625 0.8829511109375 0.5469367593750001 0.787082221875 0.3675454546875
2 0.3686311109375 0.6581857703125 0.4596311109375 0.8215612640625001 0.687477778125 0.5048577078125 0.6015688890625001 0.33210671875000003 0.3686311109375 0.6581857703125
2 0.5032088890625 0.48713834062499994 0.4222266671875 0.32337944687500003 0.196922221875 0.606735178125 0.275362221875 0.7816956515625 0.5032088890625 0.48713834062499994
2 0.03755555625 0.553581028125 0.10458 0.730264821875 0.32392 0.462774703125 0.25544 0.2966719375 0.03755555625 0.553581028125
2 0.14836444375 0.4339841890625 0.08497111093750001 0.267581028125 0.003937778125 0.35868379375 0.0026933328125 0.6045177859375 0.14836444375 0.4339841890625
2 0.12346444375000001 0 0.0026933328125 0.146071146875 0.0026933328125 0.3741897234375 0.1844733328125 0.14164426875 0.12346444375000001 0
2 0.3749666671875 0.14828853749999998 0.3015088890625 0.0021146249999999998 0.0914269046875 0.275283596875 0.14712 0.42069565156250005 0.3749666671875 0.14828853749999998
4 0.253597778125 0.29315415 0.32018444375 0.45834782656249995 0.56421555625 0.1505019765625 0.48826666718749995 0.015403162500000001 0.253597778125 0.29315415
2 0.4235333328125 0.32570750937500004 0.5032088890625 0.4849249015625 0.7572 0.13942687812500001 0.6800066671875 0.0043280625 0.4235333328125 0.32570750937500004
2 0.6065400000000001 0.33733201562500004 0.6849866671875 0.507071146875 0.9389799999999999 0.1637905140625 0.83688444375 0.0198339921875 0.6065400000000001 0.33733201562500004
2 0.9464488890625 0.15714624531250002 0.79216 0.3652332015625 0.879217778125 0.5380750984375 0.9974977781250001 0.36975889375 0.9464488890625 0.15714624531250002
2 0.7572 0.6953201578125 0.86405555625 0.865114625 0.992517778125 0.66652964375 0.9977777781249999 0.4251264828125 0.9813111109375001 0.39633596875 0.7572 0.6953201578125