4 0.5252691671874999 0.16898 0.5398208328125 0.1015075 0.40278166718749997 0.01893 0.3757841671875 0.049911250000000004 0.4895516671875 0.15905750000000002 0.5252691671874999 0.16898
4 0.4961658328125 0.15905750000000002 0.36123249999999996 0.034034999999999996 0.31667083281249997 0.06684625 0.36916916718750004 0.1015075 0.45515666718750003 0.20470000000000002 0.4961658328125 0.15905750000000002
4 0.28582833281250003 0.07174 0.24085 0.1193675 0.3149316671875 0.14715 0.3506491671875 0.18684 0.3850441671875 0.2166075 0.4000041671875 0.23559625 0.44589666718750004 0.19279375 0.39695 0.12333625 0.3413891671875 0.0796775 0.28582833281250003 0.07174
4 0.2501108328125 0.12333625 0.22629833281249997 0.127305 0.18793500000000002 0.16104125 0.247465 0.17890250000000002 0.3056716671875 0.224545 0.3541708328125 0.27518 0.39695 0.22256 0.3321291671875 0.17294875 0.3083175 0.14119625 0.2501108328125 0.12333625
4 0.18396666718750002 0.16898 0.14957166718749998 0.184855 0.1284058328125 0.23049875000000003 0.1297283328125 0.2523275 0.1852891671875 0.27217250000000004 0.3138933328125 0.32101375 0.353295 0.28010999999999997 0.2964108328125 0.2166075 0.238205 0.17096375 0.18396666718750002 0.16898
2 0.1059166671875 0.26225 0.1813208328125 0.28804875 0.23952749999999998 0.321785 0.2791708328125 0.37517999999999996 0.3043483328125 0.317815 0.23159000000000002 0.27812625 0.1284058328125 0.2364525 0.1059166671875 0.26225
4 0.2726 0.4051325 0.2712766671875 0.35949 0.23688166718749998 0.31186250000000004 0.19322666718749998 0.27812625 0.0966566671875 0.25034375 0.06490749999999999 0.30789374999999997 0.1641233328125 0.33369125 0.20910166718749998 0.36941250000000003 0.2726 0.4051325
4 0.06887666718749999 0.317815 0.026544167187500002 0.39124125 0.030512499999999998 0.436885 0.2527816671875 0.49184625000000004 0.2726 0.41307124999999995 0.21307 0.37139625 0.1614775 0.33765999999999996 0.06887666718749999 0.317815
2 0.2277816671875 0.56893 0.24481916718750002 0.49840375000000003 0.11782250000000001 0.45871375 0.018606667187500002 0.42696249999999997 0.2277816671875 0.56893
2 0.8176249999999999 0.45077625 0.5652816671875 0.39184625 0.5411433328124999 0.47855875000000003 0.8096875000000001 0.5222175 0.8176249999999999 0.45077625
2 0.8295308328125 0.7504325 0.8983208328125001 0.7881375 0.8520200000000001 0.73455625 0.5702466671875001 0.7484474999999999 0.6059650000000001 0.86156375 0.69592 0.77424625 0.8295308328125 0.7504325
4 0.6006733328125 0.2900325 0.56806 0.37101375000000003 0.7977816671875 0.43886875 0.8043966671874999 0.33964500000000003 0.6006733328125 0.2900325
4 0.6813683328125 0.56389125 0.789845 0.605565 0.7991050000000001 0.53610875 0.7382525 0.5023725 0.6324225 0.4805425 0.6041708328125 0.5001800000000001 0.5424666671875 0.5003875 0.5252691671874999 0.61350375 0.6218391671875 0.59167375 0.6813683328125 0.56389125
4 0.6800458328125 0.5599225 0.6205166671875 0.5896899999999999 0.5437891671874999 0.6015962499999999 0.5569483328125 0.71684625 0.8255625 0.720665 0.8057191671874999 0.5976275 0.7422208328125001 0.5757975 0.6800458328125 0.5599225
4 0.9022891671875 0.80539 0.8665716671875 0.7577625 0.8057191671874999 0.74387125 0.7369291671875 0.75180875 0.6932741671875 0.7934825 0.6416825 0.803405 0.6125041671875 0.86476375 0.6443283328125 0.9304125000000001 0.7289925 0.85698625 0.7871991671874999 0.8252349999999999 0.9022891671875 0.80539
4 0.9684333328125 0.82325 0.9168408328125001 0.7934825 0.7858758328125 0.8192812500000001 0.74619 0.85698625 0.6734316671875 0.8847687499999999 0.6569483328125 0.96476375 0.6853374999999999 0.99875 0.8758316671875 0.9959 0.9869541671875 0.96216375 0.9684333328125 0.82325