4 0.066390909375 0.389055690625 0.00992181875 0.5306755453124999 0.09945272656250001 0.5630871671875 0.1514054546875 0.41212106562499995 0.066390909375 0.389055690625
4 0.0975254546875 0.5438837765625 0.20021090937500002 0.5693777234375 0.22382545468749998 0.41212106562499995 0.14196 0.41212106562499995 0.0975254546875 0.5438837765625
4 0.1950454546875 0.5504866828125 0.272629090625 0.5609903140625 0.3151363640625 0.41212106562499995 0.22382545468749998 0.3974431 0.1950454546875 0.5504866828125
4 0.305690909375 0.3974431 0.277690909375 0.561493946875 0.36394000000000004 0.5735690078125 0.3907036359375 0.4079273609375 0.305690909375 0.3974431
4 0.3938527265625 0.40583050781249996 0.361989090625 0.5769007265625 0.439509090625 0.5819564171875 0.46469818125 0.418411621875 0.3938527265625 0.40583050781249996
4 0.46469818125 0.4142179171875 0.44628545468749997 0.583506053125 0.53711818125 0.598731234375 0.5481381812499999 0.4163147703125 0.46469818125 0.4142179171875
4 0.5434145453125 0.4142179171875 0.5438072734375 0.590108959375 0.628429090625 0.6008280874999999 0.6205563640625 0.4163147703125 0.5434145453125 0.4142179171875
4 0.6281036359375001 0.6033147703124999 0.7213145453124999 0.598731234375 0.7024236359375 0.420508475 0.6189836359374999 0.4142179171875 0.6281036359375001 0.6033147703124999
4 0.700849090625 0.418411621875 0.7239727265625 0.614322034375 0.8189236359375001 0.62598789375 0.7874363640625 0.428895884375 0.700849090625 0.418411621875
2 0.8214927265625 0.6209249390625 0.9212545453125 0.63227845 0.8661527265625001 0.443571428125 0.7795654546875 0.443571428125 0.8214927265625 0.6209249390625
4 0.9700599999999999 0.428895884375 0.8677727265625 0.43382324531250005 0.911809090625 0.6155060531250001 0.99818181875 0.62598789375 0.9700599999999999 0.428895884375
2 0.11204727343750001 0.741309928125 0.0033109093749999997 0.7221791765625001 0.00026909062500000004 0.9824358359375 0.027032726562499998 0.986629540625 0.11204727343750001 0.741309928125
4 0.21437818125 0.747600484375 0.11735999999999999 0.7441912828125 0.028607273437500004 0.9975786921875001 0.1482563640625 0.9975786921875001 0.21437818125 0.747600484375
2 0.203310909375 0.7463922515625 0.1340872734375 0.9975786921875001 0.2789272734375 0.9971113796875001 0.3261563640625 0.7517941890625 0.203310909375 0.7463922515625
4 0.43635999999999997 0.75598789375 0.31736 0.7507941890625001 0.26948181875 0.9975786921875001 0.40015090937500003 0.9975786921875001 0.43635999999999997 0.75598789375
4 0.5308200000000001 0.7790508468749999 0.431409090625 0.759600484375 0.4017254546875 0.9975786921875001 0.5245236359375001 0.9975786921875001 0.5308200000000001 0.7790508468749999
4 0.533889090625 0.777210653125 0.5245236359375001 0.986629540625 0.6520436359375 0.9975786921875001 0.6347272734375 0.8000193703124999 0.533889090625 0.777210653125
4 0.7496527265624999 0.8042106531250001 0.6363690906249999 0.7992203390625 0.639449090625 0.9975786921875001 0.77484181875 0.9975786921875001 0.7496527265624999 0.8042106531250001
4 0.7405 0.8014237281250001 0.7716927265625 0.9975786921875001 0.92597818125 0.9975786921875001 0.8787472734374999 0.8146949156250001 0.7405 0.8014237281250001
4 0.8776909093749999 0.8080266343750001 0.9165327265625001 0.9975786921875001 0.99818181875 0.9971113796875001 0.99818181875 0.8251791765625001 0.8776909093749999 0.8080266343750001