4 0.1442850578125 0.1689721515625 0.0457528734375 0.2332810125 0.076632184375 0.34623544375000004 0.2002413796875 0.2627544296875 0.2659287359375 0.1716531640625 0.22335287343750002 0.0859088609375 0.1442850578125 0.1689721515625
4 0.031156321874999997 0.12074177187499999 0.0056103453125 0.05911392343750001 0 0.0698329109375 0.008043678125 0.25739493593749996 0.0447034484375 0.22246582343750002 0.2172712640625 0.0912683546875 0.17834482812500002 0.0055265828125 0.031156321874999997 0.12074177187499999
4 0.4009528734375 0.4663949359375 0.3681091953125 0.356536709375 0.2732275859375 0.4369189875 0.20267356250000002 0.4958683546875 0.1382022984375 0.536060759375 0.07129885 0.5762531640625 0.0019609203125 0.6084050640625 0.011693103125 0.747736709375 0.1029252875 0.7021873421875 0.2075390796875 0.63252151875 0.31093678125 0.5467772156249999 0.4009528734375 0.4663949359375
4 0.112657471875 0.5548151906250001 0.2002413796875 0.4905088609375 0.2890413796875 0.42620253124999996 0.35837816093749997 0.327060759375 0.3121528734375 0.24399746875 0.304855171875 0.24399746875 0.2294356328125 0.319022784375 0.1832103453125 0.3645746828125 0.10535862031250001 0.42620253124999996 0 0.472817721875 0.0019609203125 0.6110860765624999 0.0396712640625 0.5950075953125 0.112657471875 0.5548151906250001
4 0.25984597656249997 0.9942481015625001 0.304855171875 0.9701341765624999 0.393655171875 0.8870708859375 0.48245517187500003 0.7986481015625 0.5517919546875001 0.7048658234375 0.49948505781249997 0.6003670890625 0.4471781609375 0.517303796875 0.4046022984375 0.5601746828125 0.347429884375 0.6164430375000001 0.2878241375 0.6780708859375 0.1990241375 0.747736709375 0.12603793125 0.7932886078125 0.05670115 0.8254430375 0 0.8413113921875001 0.0019609203125 0.9915696203125 0.0761643671875 0.9862101265625001 0.25984597656249997 0.9942481015625001
4 0.5822022984374999 0.1689721515625 0.6150471265624999 0.0912683546875 0.6539724140625001 0.0001670890625 0.49218620625 0.0028455703125 0.4654241375 0.045716456249999995 0.4337977015625 0.0859088609375 0.40868850625 0.1662050640625 0.49218620625 0.321703796875 0.5505758625 0.2413189875 0.5822022984374999 0.1689721515625
4 0.7829149421875 0.319022784375 0.8315735625 0.1850506328125 0.8717160921874999 0.10198734218750001 0.8948275859375 0.0082050640625 0.7269586203125 0.0082050640625 0.6965482765625 0.0939468359375 0.6442413796875 0.2118455703125 0.593150575 0.2975873421875 0.538956321875 0.4081189875 0.6466747125000001 0.5762531640625 0.725742528125 0.4396 0.7829149421875 0.319022784375
4 0.53476206875 0.8817113921875 0.4304 0.98195949375 0.70141379375 0.9888886078124999 0.602882759375 0.7852506328125 0.53476206875 0.8817113921875
4 0.7293919546875001 0.5923291140625 0.6832735624999999 0.6894126578125 0.7853482765625001 0.8709924046875 0.8425206890625001 0.7959670890625 0.7293919546875001 0.5923291140625
4 0.9288885062500001 0.6352 0.9678137937500001 0.533379746875 0.9970091953125 0.46103544375 0.9982252875000001 0.0028455703125 0.972680459375 0.0001670890625 0.9422689656250001 0.0885898734375 0.9021264375 0.2306 0.8510356328125 0.3645746828125 0.7962965515625 0.48514936718749996 0.7535160921874999 0.568455696875 0.8632 0.758455696875 0.8887459765625 0.7102253171874999 0.9288885062500001 0.6352
4 0.8326988500000001 0.9960227843749999 0.9982252875000001 0.9808506328125001 0.992142528125 0.7075468359375 0.8326988500000001 0.9960227843749999