4 0.044980842187499995 0.1060725390625 0.023911878125 0.37392746093749996 0.1619540234375 0.3610518140625 0.1714712640625 0.1207150265625 0.044980842187499995 0.1060725390625
4 0.1794061296875 0.10569429999999999 0.1565938703125 0.36063730625 0.2952337171875 0.3567564765625 0.3031647515625 0.088523315625 0.1794061296875 0.10569429999999999
4 0.29985440625000004 0.3583834203125 0.441203065625 0.367487046875 0.4396168578125 0.10998445625 0.3031647515625 0.11427461093749999 0.29985440625000004 0.3583834203125
4 0.43644444375 0.11212953437499999 0.4431149421875 0.3628911921875 0.56813793125 0.363196890625 0.56813793125 0.10998445625 0.43644444375 0.11212953437499999
4 0.5649655171875 0.09067357499999999 0.5713869734375 0.3426113984375 0.709348659375 0.38465285 0.696659003125 0.09067357499999999 0.5649655171875 0.09067357499999999
4 0.6982452109375 0.092818653125 0.7129808421875 0.3809119171875 0.8489770109375 0.38250777187499996 0.8204176249999999 0.092818653125 0.6982452109375 0.092818653125
2 0.828348659375 0.0992538859375 0.85457854375 0.3719015546875 0.9743218390624999 0.367487046875 0.961628353125 0.11427461093749999 0.828348659375 0.0992538859375
4 0.15243294999999998 0.5970984453125 0 0.5949222796875 0.0064597703125 0.9211243515625 0.12070115 0.9189740937499999 0.15243294999999998 0.5970984453125
4 0.14659770156250002 0.5859119171875 0.1080076625 0.9125388593749999 0.27143295 0.9254145078124999 0.28571264375 0.5928031093749999 0.14659770156250002 0.5859119171875
2 0.2865287359375 0.5859119171875 0.27143295 0.9189740937499999 0.42057854375000003 0.9189740937499999 0.4300996171875 0.60567875625 0.2865287359375 0.5859119171875
4 0.43312260468749997 0.6039326421875 0.4253371640625 0.9275595859375001 0.58400383125 0.9339948187499999 0.5808314171875 0.59065803125 0.43312260468749997 0.6039326421875
4 0.579716475 0.6106943 0.576072796875 0.9297046625000001 0.739498084375 0.9254145078124999 0.7220421453125 0.5970984453125 0.579716475 0.6106943
4 0.7229770109375 0.6084404140624999 0.7315632187500001 0.9361450781249999 0.8965747125 0.9318497406249999 0.8600842906249999 0.5970984453125 0.7229770109375 0.6084404140624999
2 0.86457088125 0.6106943 0.8854712640625 0.9318497406249999 0.9961685828125001 0.9318497406249999 0.9933639843750001 0.62069948125 0.86457088125 0.6106943