4 0.3484375 0.20859375 0.2390625 0.0984375
4 0.58828125 0.2078125 0.23984375 0.10390625
4 0.35 0.315625 0.24140625 0.1125
4 0.584375 0.3140625 0.2375 0.109375
4 0.3390625 0.42421875 0.2609375 0.10390625
4 0.57421875 0.425 0.21484375 0.109375
4 0.34296875 0.53125 0.2453125 0.10625
4 0.58203125 0.53203125 0.22890625 0.1078125
4 0.34765625 0.640625 0.24375 0.109375
4 0.5921875 0.640625 0.2453125 0.11015625
4 0.0765625 0.94296875 0.15234375 0.1140625
4 0.94296875 0.8265625 0.1140625 0.0890625
2 0.95234375 0.2015625 0.09453125 0.1046875
2 0.94921875 0.30859375 0.096875 0.1140625
2 0.94921875 0.41875 0.1015625 0.1171875
2 0.9484375 0.52734375 0.10078125 0.10703125
2 0.9484375 0.63359375 0.103125 0.10859375
2 0.94765625 0.7359375 0.1046875 0.096875
2 0.78203125 0.95390625 0.11640625 0.0921875
2 0.6640625 0.953125 0.11875 0.09375
2 0.54765625 0.953125 0.11875 0.09375
2 0.4359375 0.953125 0.103125 0.09375
2 0.32421875 0.953125 0.121875 0.09375
2 0.2078125 0.953125 0.109375 0.09375
3 0.92265625 0.9359375 0.15390625 0.12734375