4 0.34296875 0.21171875 0.24375 0.103125
4 0.34609375 0.3171875 0.24453125 0.10859375
4 0.34609375 0.42578125 0.24765625 0.1125
4 0.57578125 0.421875 0.21484375 0.10625
4 0.346875 0.534375 0.24765625 0.11171875
4 0.5765625 0.5296875 0.21875 0.10234375
4 0.34609375 0.64375 0.24453125 0.10703125
4 0.58125 0.6390625 0.22578125 0.109375
4 0.06875 0.9375 0.1375 0.125
4 0.43203125 0.93828125 0.1078125 0.1234375
4 0.94140625 0.825 0.1171875 0.0890625
4 0.9359375 0.196875 0.128125 0.109375
2 0.58046875 0.21015625 0.2296875 0.10234375
2 0.57734375 0.315625 0.2171875 0.1109375
2 0.94375 0.309375 0.11171875 0.11796875
2 0.94296875 0.41484375 0.1140625 0.1109375
2 0.94375 0.525 0.11171875 0.10703125
2 0.94296875 0.63359375 0.1140625 0.1109375
2 0.94453125 0.73359375 0.1109375 0.09765625
2 0.5421875 0.9484375 0.1140625 0.103125
2 0.659375 0.94921875 0.11640625 0.1015625
2 0.77734375 0.9484375 0.1171875 0.103125
3 0.91953125 0.93515625 0.1609375 0.1296875