4 0.35390625 0.23359375 0.18125 0.06484375
4 0.52890625 0.23125 0.1671875 0.0703125
4 0.53125 0.44296875 0.171875 0.071875
4 0.2375 0.7578125 0.09375 0.13828125
4 0.41953125 0.7578125 0.08359375 0.1375
4 0.5078125 0.7578125 0.0890625 0.1375
4 0.5984375 0.75546875 0.08828125 0.1390625
4 0.85625 0.575 0.17265625 0.0671875
4 0.85625 0.50546875 0.1765625 0.07109375
4 0.85390625 0.434375 0.17734375 0.07265625
4 0.85 0.3609375 0.171875 0.071875
4 0.84140625 0.221875 0.1578125 0.065625
2 0.84453125 0.2921875 0.16328125 0.0703125
2 0.8546875 0.63984375 0.17421875 0.06328125
2 0.6875 0.75625 0.084375 0.13984375
2 0.33125 0.75859375 0.0921875 0.13984375
2 0.13203125 0.75859375 0.109375 0.1390625
2 0.353125 0.515625 0.18125 0.0765625
2 0.53046875 0.5140625 0.17421875 0.0765625
2 0.3515625 0.44375 0.1828125 0.0703125
2 0.528125 0.37109375 0.16640625 0.071875
2 0.35546875 0.3734375 0.18203125 0.0703125
2 0.35234375 0.30078125 0.1796875 0.06875
2 0.525 0.29921875 0.1640625 0.06953125
3 0.7984375 0.7171875 0.121875 0.090625