4 0.34375 0.209375 0.2375 0.10625
4 0.578125 0.20703125 0.2296875 0.10703125
4 0.34453125 0.3171875 0.2359375 0.10859375
4 0.57578125 0.3171875 0.22734375 0.109375
4 0.346875 0.42578125 0.23671875 0.1078125
4 0.5765625 0.425 0.21875 0.10625
4 0.34609375 0.53515625 0.234375 0.1078125
4 0.5734375 0.5296875 0.22109375 0.10390625
4 0.3484375 0.64296875 0.240625 0.1078125
4 0.57734375 0.64140625 0.21953125 0.11640625
4 0.07265625 0.93984375 0.14375 0.1203125
2 0.20234375 0.9421875 0.1140625 0.115625
2 0.321875 0.94609375 0.12109375 0.1078125
2 0.43515625 0.946875 0.10625 0.10625
2 0.54296875 0.94921875 0.1078125 0.1015625
2 0.6578125 0.9484375 0.11484375 0.103125
2 0.7765625 0.94921875 0.1171875 0.1015625
2 0.9484375 0.83203125 0.10234375 0.08515625
2 0.9484375 0.73984375 0.103125 0.10078125
2 0.94765625 0.6359375 0.1046875 0.10625
2 0.94921875 0.52890625 0.10078125 0.109375
2 0.95078125 0.4171875 0.0984375 0.11171875
2 0.95 0.3078125 0.1 0.109375
2 0.95078125 0.19765625 0.0984375 0.1046875