4 0.334375 0.2140625 0.23515625 0.10234375
4 0.33671875 0.31953125 0.23515625 0.10859375
4 0.3359375 0.42578125 0.23984375 0.1109375
4 0.56328125 0.42734375 0.21484375 0.11328125
4 0.33828125 0.5359375 0.2359375 0.1109375
4 0.56484375 0.54140625 0.221875 0.12109375
4 0.33984375 0.63984375 0.24375 0.10390625
4 0.57421875 0.64296875 0.23671875 0.11171875
4 0.07421875 0.93046875 0.1421875 0.1390625
4 0.4265625 0.93828125 0.1125 0.1234375
4 0.93984375 0.84453125 0.1203125 0.0953125
4 0.940625 0.2078125 0.11875 0.109375
2 0.94296875 0.3171875 0.1140625 0.1109375
2 0.94296875 0.4296875 0.1140625 0.121875
2 0.94296875 0.54140625 0.1140625 0.10859375
2 0.9421875 0.64921875 0.115625 0.10859375
2 0.94140625 0.7515625 0.1171875 0.09609375
2 0.765625 0.9515625 0.125 0.096875
2 0.64921875 0.94921875 0.1171875 0.10078125
2 0.5359375 0.94609375 0.11015625 0.10703125
2 0.309375 0.93984375 0.121875 0.11953125
2 0.20078125 0.9375 0.11484375 0.12265625
2 0.57421875 0.2109375 0.2421875 0.10625
2 0.5734375 0.32265625 0.2375 0.11328125
3 0.9171875 0.94296875 0.165625 0.11328125