2 0.33515625 0.2078125 0.240625 0.10078125
2 0.56953125 0.31015625 0.2328125 0.109375
2 0.9390625 0.3 0.121875 0.109375
2 0.9375 0.41015625 0.125 0.1171875
2 0.94140625 0.521875 0.1171875 0.10390625
2 0.94609375 0.63046875 0.1078125 0.11015625
2 0.9484375 0.734375 0.103125 0.096875
2 0.78359375 0.95 0.121875 0.1
2 0.66484375 0.94921875 0.11953125 0.1015625
2 0.55078125 0.94609375 0.11171875 0.10703125
2 0.3234375 0.9421875 0.12109375 0.115625
2 0.07421875 0.94453125 0.1484375 0.1109375
4 0.2046875 0.94609375 0.11171875 0.10703125
4 0.43984375 0.9375 0.11171875 0.125
4 0.94609375 0.8265625 0.10703125 0.0921875
4 0.93046875 0.18359375 0.1390625 0.0921875
4 0.56953125 0.2046875 0.22578125 0.103125
4 0.33671875 0.31171875 0.23984375 0.10625
4 0.33125 0.41953125 0.259375 0.1078125
4 0.57109375 0.41953125 0.221875 0.1046875
4 0.34140625 0.52890625 0.24140625 0.1078125
4 0.5765625 0.5265625 0.23125 0.1078125
4 0.34765625 0.63828125 0.2453125 0.109375
4 0.5796875 0.6359375 0.23515625 0.1109375