2 0.225 0.225 0.090625 0.08125
2 0.22421875 0.30859375 0.08984375 0.08828125
4 0.22421875 0.39140625 0.09453125 0.07734375
2 0.221875 0.46953125 0.0921875 0.078125
4 0.22421875 0.55546875 0.09765625 0.078125
2 0.23046875 0.63828125 0.10390625 0.0765625
3 0.2375 0.73828125 0.1125 0.1171875
4 0.325 0.753125 0.0578125 0.08203125
2 0.3828125 0.75546875 0.06171875 0.08828125
4 0.4453125 0.759375 0.06484375 0.1015625
2 0.51015625 0.75703125 0.06171875 0.1234375
4 0.5765625 0.7515625 0.06640625 0.14140625
4 0.64296875 0.746875 0.05859375 0.14609375
4 0.703125 0.746875 0.05859375 0.15234375
4 0.43046875 0.3234375 0.075 0.1796875
4 0.43203125 0.48984375 0.0734375 0.15859375
4 0.5015625 0.48828125 0.0703125 0.1578125
4 0.50078125 0.321875 0.06328125 0.1796875
4 0.56640625 0.3203125 0.0640625 0.17421875
2 0.56796875 0.4859375 0.0671875 0.15078125
2 0.63046875 0.32109375 0.0609375 0.16484375
2 0.63046875 0.48203125 0.06171875 0.153125
2 0.6875 0.31953125 0.06171875 0.16796875
2 0.69140625 0.48125 0.0609375 0.1546875