3 0.91796875 0.9375 0.1640625 0.125
2 0.33828125 0.2078125 0.24609375 0.10234375
2 0.56640625 0.3109375 0.2203125 0.10859375
2 0.1984375 0.93671875 0.1109375 0.1265625
2 0.3140625 0.93671875 0.11484375 0.12578125
2 0.53515625 0.940625 0.1203125 0.11875
2 0.653125 0.94140625 0.11328125 0.1171875
2 0.77109375 0.93984375 0.1265625 0.1203125
2 0.9453125 0.73359375 0.109375 0.09921875
2 0.94375 0.62890625 0.1125 0.1078125
2 0.94609375 0.521875 0.10703125 0.10625
2 0.9453125 0.409375 0.109375 0.11171875
2 0.94453125 0.29765625 0.11015625 0.11484375
4 0.56953125 0.203125 0.21484375 0.10234375
4 0.33515625 0.3109375 0.23828125 0.10703125
4 0.3359375 0.41796875 0.24375 0.1046875
4 0.56640625 0.41796875 0.21875 0.10625
4 0.33671875 0.5234375 0.246875 0.10859375
4 0.56953125 0.5234375 0.2171875 0.10859375
4 0.3390625 0.63125 0.2515625 0.11015625
4 0.575 0.63515625 0.2265625 0.10859375
4 0.07109375 0.9296875 0.1359375 0.140625
4 0.425 0.93359375 0.09921875 0.1328125
4 0.93671875 0.8265625 0.1265625 0.09296875
4 0.93359375 0.1890625 0.1328125 0.11484375