4 0.40733988906249996 0.3007275828125 0.23535722187500002 0.30902175 0.224753221875 0.3644575 0.41276333281250005 0.36038950000000003 0.40733988906249996 0.3007275828125
2 0.24864311093749997 0.3688086671875 0.2536778890625 0.42683125000000005 0.41276333281250005 0.4227633328125 0.41276333281250005 0.3536098328125 0.24864311093749997 0.3688086671875
2 0.24864311093749997 0.4285955828125 0.25006244375 0.48784916718750004 0.41095577812500006 0.4864931671875 0.4091476671875 0.42140750000000005 0.24864311093749997 0.4285955828125
2 0.24484711093749997 0.4869589171875 0.24644677812500002 0.5515789171875001 0.41095577812500006 0.548867 0.40733988906249996 0.48242541718750004 0.24484711093749997 0.4869589171875
2 0.2429491109375 0.5510163328125001 0.24825455624999998 0.61530875 0.4181866671875 0.6098849171875 0.41095577812500006 0.548867 0.2429491109375 0.5510163328125001
2 0.4099728890625 0.5453223328125001 0.4163788890625 0.6166646671875 0.5591941109375 0.6112409999999999 0.5610018890624999 0.548867 0.4099728890625 0.5453223328125001
4 0.5610018890624999 0.5434432499999999 0.5610018890624999 0.4810693328125 0.4099613 0.48502127812499995 0.4091476671875 0.548867 0.5610018890624999 0.5434432499999999
2 0.4099728890625 0.42005458281249997 0.41276333281250005 0.48242541718750004 0.5610018890624999 0.47971341718750005 0.5591941109375 0.4132716671875 0.4099728890625 0.42005458281249997
2 0.4099728890625 0.3545736671875 0.41276333281250005 0.42005141718749994 0.5610018890624999 0.4159835828125 0.5591941109375 0.3536098328125 0.4099728890625 0.3545736671875
4 0.40617688906250005 0.2990573328125 0.41095577812500006 0.36038950000000003 0.562809778125 0.35496574999999997 0.555578778125 0.29123591718749997 0.40617688906250005 0.2990573328125
2 0.271755778125 0.7346327500000001 0.1958286671875 0.7359885 0.199444221875 0.8037862499999999 0.27356355625 0.8037862499999999 0.271755778125 0.7346327500000001
2 0.1922133328125 0.7373445000000001 0.08921144375 0.7346475 0.08555355625 0.8051420828125 0.1922133328125 0.80921 0.1922133328125 0.7373445000000001
2 0.27141911093750004 0.733224 0.271755778125 0.810566 0.3494906671875 0.8119219171875001 0.3549143328125 0.7400564171874999 0.27141911093750004 0.733224
4 0.35113500000000003 0.7318005000000001 0.3476828890625 0.8159898328124999 0.42722555624999997 0.810566 0.42541777812500003 0.7359885 0.35113500000000003 0.7318005000000001
4 0.42895277812500004 0.7346475 0.43084144375 0.8024302499999999 0.5067685562500001 0.7997183328124999 0.50496044375 0.73056475 0.42895277812500004 0.7346475
4 0.5067706671875001 0.7374945 0.5085761109375 0.8064981671875 0.59354244375 0.8051420828125 0.59173455625 0.7387005 0.5067706671875001 0.7374945
4 0.58648655625 0.7346475 0.5863108890625 0.8037862499999999 0.6893551109375 0.8051420828125 0.67850844375 0.723785 0.58648655625 0.7346475
3 0.6737943328125 0.7232594999999999 0.6767004437499999 0.810566 0.8032455562499999 0.8078540828125 0.7923991109374999 0.7183611671875 0.6737943328125 0.7232594999999999
4 0.7797443328125 0.65598725 0.6851823328125 0.6549316671875001 0.6857393328125 0.7183611671875 0.7797443328125 0.723785 0.7797443328125 0.65598725
4 0.6889783328125 0.59799175 0.6947782218749999 0.65598725 0.7725132218749999 0.6573433328125 0.7725132218749999 0.5963255000000001 0.6889783328125 0.59799175
4 0.6832843328125 0.5325108328125 0.6947782218749999 0.6017491671874999 0.7761286671875001 0.5963255000000001 0.76889755625 0.52717175 0.6832843328125 0.5325108328125
2 0.6756923328125 0.4713005 0.6911626671875 0.5393754171875 0.7761286671875001 0.5339514999999999 0.7725132218749999 0.46479799999999993 0.6756923328125 0.4713005
4 0.6756923328125 0.4029725828125 0.67850844375 0.4729336671875 0.7761286671875001 0.47700149999999997 0.7725132218749999 0.40242408281250003 0.6756923328125 0.4029725828125
2 0.6718963328124999 0.34460925 0.67489255625 0.405136 0.767089778125 0.405136 0.7598586671875001 0.345474 0.6718963328124999 0.34460925
4 0.6699983328125 0.2890928328125 0.673084778125 0.34683 0.76889755625 0.3481859171875 0.7598586671875001 0.2803883328125 0.6699983328125 0.2890928328125