4 0.36640625 0.22265625 0.19765625 0.0703125
4 0.5546875 0.2203125 0.17421875 0.07421875
4 0.85703125 0.2171875 0.15390625 0.07578125
4 0.865625 0.35234375 0.17109375 0.07109375
4 0.8671875 0.428125 0.17109375 0.06328125
4 0.86796875 0.49609375 0.1765625 0.0734375
4 0.8734375 0.5671875 0.1765625 0.06953125
4 0.253125 0.75078125 0.09921875 0.14453125
4 0.43359375 0.74296875 0.0921875 0.140625
4 0.52734375 0.75078125 0.08203125 0.14921875
4 0.615625 0.7484375 0.08359375 0.15078125
4 0.56015625 0.4328125 0.18828125 0.075
2 0.3640625 0.2921875 0.18828125 0.06953125
2 0.546875 0.290625 0.17265625 0.07109375
2 0.36484375 0.3640625 0.18671875 0.078125
2 0.5484375 0.3578125 0.16875 0.06640625
2 0.36484375 0.43359375 0.19375 0.06796875
2 0.3625 0.5046875 0.1921875 0.078125
2 0.55 0.50625 0.1828125 0.0796875
2 0.1484375 0.74609375 0.109375 0.1375
2 0.3390625 0.753125 0.07734375 0.14140625
2 0.70390625 0.73828125 0.08984375 0.125
2 0.8671875 0.634375 0.1859375 0.065625
2 0.86796875 0.28515625 0.18046875 0.06875
3 0.82265625 0.71875 0.14453125 0.09921875