2 0.33359375 0.209375 0.234375 0.09375
2 0.5625 0.3125 0.2171875 0.10390625
2 0.9375 0.30859375 0.125 0.1078125
2 0.9359375 0.41875 0.12734375 0.10546875
2 0.9390625 0.528125 0.11796875 0.109375
2 0.93828125 0.6296875 0.1234375 0.10625
2 0.93828125 0.72734375 0.1234375 0.0890625
2 0.76953125 0.94375 0.121875 0.1125
2 0.65078125 0.940625 0.115625 0.11875
2 0.53984375 0.9375 0.11328125 0.125
2 0.3125 0.934375 0.11328125 0.13046875
2 0.19921875 0.93359375 0.1140625 0.1328125
4 0.07109375 0.92734375 0.1421875 0.14453125
4 0.42578125 0.93046875 0.1109375 0.1390625
4 0.93359375 0.81875 0.1328125 0.09140625
4 0.93203125 0.19765625 0.13515625 0.10859375
4 0.5671875 0.20859375 0.225 0.103125
4 0.33359375 0.31484375 0.23671875 0.1140625
4 0.33203125 0.4234375 0.24296875 0.10859375
4 0.56484375 0.4203125 0.2234375 0.10546875
4 0.3359375 0.52578125 0.246875 0.103125
4 0.56640625 0.5234375 0.2234375 0.10546875
4 0.34140625 0.6328125 0.2375 0.11015625
4 0.57578125 0.63203125 0.23125 0.1078125
3 0.9171875 0.93203125 0.165625 0.1359375