4 0.36875 0.2234375 0.1828125 0.04765625
4 0.54375 0.21796875 0.1703125 0.07109375
4 0.55 0.42578125 0.17109375 0.06484375
4 0.26640625 0.74453125 0.09375 0.1359375
4 0.4375 0.74140625 0.08359375 0.13515625
4 0.5234375 0.7421875 0.08828125 0.1375
4 0.6125 0.74140625 0.08984375 0.1421875
4 0.8765625 0.55859375 0.1890625 0.0671875
4 0.87421875 0.48671875 0.17890625 0.07421875
4 0.8734375 0.41328125 0.1859375 0.06875
4 0.86875 0.34375 0.18046875 0.071875
4 0.859375 0.20625 0.17734375 0.06953125
2 0.3765625 0.2953125 0.171875 0.0640625
2 0.54296875 0.290625 0.1671875 0.06484375
2 0.37734375 0.36640625 0.1765625 0.06640625
2 0.54453125 0.359375 0.16328125 0.065625
2 0.378125 0.434375 0.17421875 0.06328125
2 0.553125 0.50078125 0.171875 0.06796875
2 0.37890625 0.50703125 0.1765625 0.071875
2 0.16875 0.74453125 0.10234375 0.1359375
2 0.35625 0.74453125 0.0828125 0.13515625
2 0.7 0.74375 0.0859375 0.140625
3 0.81484375 0.7046875 0.13671875 0.09921875
2 0.87890625 0.6234375 0.1921875 0.05703125
2 0.8703125 0.27265625 0.190625 0.06640625