4 0.3484375 0.19375 0.25859375 0.11640625
4 0.59375 0.18203125 0.22578125 0.115625
4 0.33984375 0.3046875 0.25546875 0.1140625
4 0.58046875 0.30703125 0.24609375 0.11796875
4 0.34140625 0.421875 0.25234375 0.11484375
4 0.57890625 0.4171875 0.22890625 0.115625
4 0.33984375 0.53125 0.2453125 0.1125
4 0.58515625 0.52890625 0.240625 0.0984375
4 0.3390625 0.6453125 0.2640625 0.1140625
4 0.57734375 0.63515625 0.2359375 0.121875
4 0.06953125 0.9359375 0.1390625 0.12734375
2 0.20078125 0.94140625 0.1125 0.1171875
2 0.32109375 0.94375 0.1296875 0.1125
2 0.4296875 0.94453125 0.10625 0.1109375
2 0.540625 0.94609375 0.11640625 0.10625
2 0.6546875 0.94609375 0.11328125 0.10703125
2 0.7765625 0.94375 0.128125 0.1125
3 0.915625 0.9390625 0.16796875 0.121875
2 0.946875 0.82734375 0.10625 0.0875
2 0.94609375 0.73359375 0.10390625 0.10078125
2 0.94609375 0.6296875 0.1078125 0.11015625
2 0.94453125 0.521875 0.11015625 0.11328125
2 0.94609375 0.40859375 0.1078125 0.11640625
2 0.946875 0.29453125 0.10546875 0.11875
2 0.94609375 0.18671875 0.1078125 0.1078125