4 0.346875 0.3296875 0.17265625 0.05625
4 0.50859375 0.328125 0.1515625 0.059375
4 0.5171875 0.453125 0.16640625 0.06484375
4 0.51484375 0.51796875 0.16171875 0.06484375
4 0.34921875 0.51875 0.1703125 0.06328125
4 0.23984375 0.81171875 0.08515625 0.1296875
4 0.325 0.80703125 0.08671875 0.12578125
4 0.41015625 0.81171875 0.08046875 0.13203125
4 0.81875 0.70078125 0.1609375 0.0609375
4 0.8078125 0.57734375 0.16171875 0.06640625
4 0.78515625 0.446875 0.15 0.06640625
4 0.784375 0.38203125 0.153125 0.0625
2 0.778125 0.32265625 0.1328125 0.05546875
2 0.80703125 0.5125 0.17265625 0.06171875
2 0.81171875 0.63984375 0.15625 0.05859375
2 0.65546875 0.80234375 0.08671875 0.1125
2 0.57109375 0.803125 0.08125 0.1140625
2 0.48984375 0.80546875 0.08203125 0.11484375
2 0.14453125 0.81171875 0.10390625 0.1328125
2 0.35 0.58515625 0.175 0.0671875
2 0.51328125 0.584375 0.15546875 0.06875
2 0.35 0.4546875 0.1671875 0.0625
2 0.5109375 0.3890625 0.15625 0.0609375
2 0.35 0.38984375 0.16796875 0.0625
3 0.7609375 0.771875 0.1234375 0.0875