2 0.3453125 0.21484375 0.240625 0.0984375
2 0.5921875 0.64296875 0.23515625 0.10546875
2 0.07265625 0.9484375 0.1453125 0.09921875
2 0.3265625 0.95078125 0.1265625 0.09765625
2 0.44296875 0.95 0.1046875 0.1
2 0.55234375 0.9515625 0.1140625 0.096875
2 0.7796875 0.9484375 0.11796875 0.10234375
2 0.9515625 0.73125 0.096875 0.09375
2 0.9515625 0.63203125 0.096875 0.1046875
2 0.95234375 0.52578125 0.0953125 0.1015625
2 0.9515625 0.41640625 0.096875 0.11171875
2 0.95078125 0.2015625 0.0984375 0.1015625
4 0.9390625 0.3109375 0.12109375 0.11328125
4 0.9453125 0.82578125 0.109375 0.090625
4 0.66953125 0.9421875 0.1265625 0.115625
4 0.20546875 0.95078125 0.11875 0.09765625
4 0.35390625 0.64140625 0.25234375 0.10859375
4 0.35 0.534375 0.24609375 0.1140625
4 0.58359375 0.53125 0.228125 0.10859375
4 0.58046875 0.42109375 0.2265625 0.10546875
4 0.346875 0.428125 0.25234375 0.1125
4 0.58125 0.31875 0.23046875 0.1140625
4 0.34296875 0.31796875 0.24765625 0.1125
4 0.5796875 0.209375 0.22578125 0.10390625