4 0.37890625 0.34375 0.1609375 0.0609375
4 0.53515625 0.34296875 0.1484375 0.0609375
2 0.3796875 0.40390625 0.1625 0.0578125
2 0.53671875 0.4046875 0.1546875 0.0640625
2 0.37578125 0.46484375 0.17109375 0.06796875
2 0.5375 0.46640625 0.146875 0.06484375
2 0.3765625 0.53125 0.17265625 0.0640625
4 0.53828125 0.5296875 0.1546875 0.06484375
2 0.37421875 0.5953125 0.17421875 0.06640625
2 0.5375 0.596875 0.15 0.065625
2 0.1890625 0.78828125 0.10859375 0.08125
2 0.2765625 0.79140625 0.07578125 0.0921875
2 0.3546875 0.80390625 0.07578125 0.115625
4 0.43046875 0.80625 0.07265625 0.11796875
4 0.509375 0.8140625 0.08046875 0.128125
4 0.59375 0.8078125 0.07578125 0.125
4 0.6734375 0.81328125 0.08203125 0.13046875
3 0.76875 0.78203125 0.11953125 0.08203125
4 0.8125 0.70625 0.14296875 0.05859375
4 0.81171875 0.6515625 0.15078125 0.05703125
4 0.81171875 0.5875 0.15390625 0.05546875
2 0.8078125 0.52734375 0.13984375 0.06640625
4 0.80703125 0.46484375 0.1453125 0.065625
2 0.80859375 0.39921875 0.153125 0.0578125
4 0.809375 0.34296875 0.15625 0.05703125