3 0.76591655625 0.7447795 0.794455778125 0.8432980828125001 0.9356508890624999 0.812409 0.9018228890625 0.720845 0.76591655625 0.7447795
2 0.28556366718750004 0.8300598328125 0.188394221875 0.8432208328125 0.19584577812499998 0.9282429171875 0.29733022187499997 0.9183143328125001 0.28556366718750004 0.8300598328125
2 0.284133221875 0.8293232500000001 0.298800778125 0.9150047499999999 0.3738108890625 0.9061793328125001 0.357632221875 0.812409 0.284133221875 0.8293232500000001
2 0.43411299999999997 0.8102025828125001 0.3613421109375 0.8189000828124999 0.3767523328125 0.9050760828125 0.454704 0.8973538328125 0.43411299999999997 0.8102025828125001
4 0.5194186671875001 0.8035835 0.438551 0.8107930828125 0.44587944375 0.9039729171875001 0.54148044375 0.8885284171875 0.5194186671875001 0.8035835
2 0.5142156671875 0.7980536671875 0.5370681109375 0.8819093328125 0.6150196671875 0.8708775 0.5988411109375 0.79255175 0.5142156671875 0.7980536671875
4 0.5929686671875001 0.7876305 0.6164906671875 0.8774966671875 0.7135623328125 0.8620520828125 0.6856176671875 0.7749008328125 0.5929686671875001 0.7876305
2 0.6794426671875 0.7737328328124999 0.71209155625 0.8686711671875 0.794455778125 0.855433 0.7694522218750001 0.7594563328125 0.6794426671875 0.7737328328124999
4 0.78290255625 0.6718171671875 0.8032803328125 0.74070225 0.9209431109375 0.72525775 0.8959400000000001 0.6502414171875001 0.78290255625 0.6718171671875
2 0.76591655625 0.6058035828125 0.792984778125 0.6689955828125 0.9268263328125 0.6502414171875001 0.9018228890625 0.5895665828125 0.76591655625 0.6058035828125
4 0.7458423328125 0.53979 0.7694522218750001 0.598392 0.8959400000000001 0.5829475000000001 0.8635826671875 0.5156535 0.7458423328125 0.53979
2 0.7226796671875 0.47146008281249996 0.742978 0.53882025 0.8665240000000001 0.5200661671875 0.844462221875 0.4483595 0.7226796671875 0.47146008281249996
4 0.693340221875 0.40197216718749995 0.7135623328125 0.46830875 0.8503453328124999 0.44734833281249997 0.8194588890625001 0.3756416671875 0.693340221875 0.40197216718749995
4 0.667089221875 0.3371166671875 0.6885589999999999 0.39880841718750004 0.8165173328125 0.3789511671875 0.792984778125 0.31276033281250004 0.667089221875 0.3371166671875
4 0.6485591109375 0.27921 0.666497221875 0.3403398328125 0.8018096671875 0.31496675 0.7694522218750001 0.24325999999999998 0.6485591109375 0.27921
2 0.25170544375000004 0.37649325 0.2620311109375 0.4308006671875 0.420876 0.40211791718749995 0.40322655625000003 0.3381335 0.25170544375000004 0.37649325
4 0.4014906671875 0.3371166671875 0.41793444375 0.4032211671875 0.58413344375 0.365713 0.5547176671875 0.2929030828125 0.4014906671875 0.3371166671875
2 0.26097055625 0.42976733281249996 0.2723266671875 0.4991979171875 0.4355838890625 0.46720566718749995 0.422347 0.3999116671875 0.26097055625 0.42976733281249996
4 0.423109221875 0.39733958281250004 0.43852544375 0.46499925 0.5914871109375001 0.4319038328125 0.5723668890625 0.3679194171875 0.423109221875 0.39733958281250004
2 0.267147221875 0.4980971671875 0.27820977812500003 0.5587695828125 0.4502916671875 0.5311901671875 0.4355838890625 0.46168975 0.267147221875 0.4980971671875
2 0.43700677812500005 0.46682758281250003 0.45323344375 0.5278805 0.6032533328125 0.4991979171875 0.5885455562499999 0.42859425 0.43700677812500005 0.46682758281250003
4 0.28567744375 0.5606363328125 0.29733022187499997 0.6260635828125001 0.46499955625 0.5962776671875 0.4502916671875 0.5289836671875 0.28567744375 0.5606363328125
4 0.449360221875 0.5282086671874999 0.46499955625 0.6006904171875 0.626786 0.5709044999999999 0.607666 0.5036105828124999 0.449360221875 0.5282086671874999
4 0.28567744375 0.6312825 0.3032131109375 0.6988735 0.48117822187500003 0.6657780828125001 0.463528778125 0.5940713328125 0.28567744375 0.6312825
2 0.46943455624999997 0.5976966671875 0.48117822187500003 0.6679845 0.64296455625 0.6404049171875 0.6223736671875 0.5686981671875 0.46943455624999997 0.5976966671875