4 0.3171875 0.29296875 0.190625 0.06953125
4 0.50078125 0.2921875 0.1828125 0.071875
4 0.50625 0.43359375 0.1859375 0.07265625
4 0.3171875 0.50703125 0.19609375 0.0765625
4 0.50546875 0.50625 0.18125 0.07890625
4 0.1921875 0.840625 0.09453125 0.14921875
4 0.47734375 0.840625 0.09453125 0.1453125
4 0.66796875 0.83671875 0.10703125 0.15703125
4 0.84140625 0.7109375 0.175 0.0671875
4 0.83359375 0.57421875 0.1875 0.07734375
4 0.81328125 0.4234375 0.18515625 0.075
4 0.81328125 0.353125 0.18828125 0.06875
3 0.7890625 0.79453125 0.128125 0.10390625
2 0.32109375 0.3640625 0.1921875 0.07265625
2 0.5046875 0.3625 0.18203125 0.07734375
2 0.3171875 0.4375 0.19375 0.06796875
2 0.31484375 0.584375 0.1921875 0.0765625
2 0.503125 0.58515625 0.17890625 0.0765625
2 0.08203125 0.8390625 0.1125 0.15234375
2 0.2921875 0.83828125 0.0953125 0.15
2 0.3875 0.8390625 0.0890625 0.1578125
2 0.5703125 0.85 0.084375 0.16484375
2 0.84140625 0.65 0.1875 0.0609375
2 0.8328125 0.496875 0.215625 0.0671875
2 0.8109375 0.28515625 0.19375 0.0625