4 0.35078125 0.2078125 0.24140625 0.10859375
4 0.5828125 0.20625 0.221875 0.10546875
4 0.34921875 0.3140625 0.24765625 0.11484375
4 0.58828125 0.3171875 0.2296875 0.115625
4 0.35 0.42578125 0.253125 0.1125
4 0.5859375 0.42734375 0.221875 0.109375
4 0.35078125 0.53359375 0.2546875 0.109375
4 0.58828125 0.534375 0.221875 0.10703125
4 0.35078125 0.64140625 0.25703125 0.10703125
4 0.59140625 0.6421875 0.221875 0.10859375
4 0.06796875 0.940625 0.1359375 0.11875
2 0.94765625 0.215625 0.1046875 0.103125
2 0.94609375 0.32109375 0.10390625 0.11328125
2 0.94609375 0.43046875 0.10703125 0.1125
2 0.9453125 0.53515625 0.109375 0.1046875
2 0.94453125 0.6375 0.1109375 0.10625
2 0.94296875 0.740625 0.1140625 0.09921875
2 0.94453125 0.8296875 0.1109375 0.08359375
2 0.78046875 0.946875 0.11171875 0.10390625
2 0.66640625 0.946875 0.11328125 0.10546875
2 0.5546875 0.946875 0.109375 0.10625
2 0.44609375 0.9484375 0.10703125 0.103125
2 0.328125 0.946875 0.128125 0.10625
2 0.2015625 0.94609375 0.128125 0.1078125
3 0.91953125 0.9375 0.16015625 0.125