4 0.33125 0.209375 0.234375 0.09921875
4 0.334375 0.31171875 0.24765625 0.10546875
4 0.33046875 0.4234375 0.24765625 0.11015625
4 0.3375 0.53203125 0.24375 0.1046875
4 0.3390625 0.640625 0.24765625 0.10234375
4 0.56484375 0.31015625 0.2328125 0.11015625
4 0.56640625 0.4171875 0.22265625 0.10546875
4 0.571875 0.528125 0.22265625 0.10234375
4 0.571875 0.63671875 0.21953125 0.11015625
4 0.0703125 0.9359375 0.140625 0.128125
4 0.4296875 0.940625 0.11484375 0.11875
4 0.93984375 0.828125 0.1203125 0.0890625
2 0.56875 0.2 0.23125 0.096875
2 0.94921875 0.1890625 0.1015625 0.11015625
2 0.946875 0.29765625 0.10625 0.1171875
2 0.946875 0.4109375 0.10625 0.11875
2 0.94921875 0.52109375 0.1015625 0.11484375
2 0.946875 0.6328125 0.10625 0.109375
2 0.94609375 0.73515625 0.1078125 0.0984375
2 0.76796875 0.94921875 0.121875 0.1015625
2 0.65 0.94609375 0.121875 0.1078125
2 0.53984375 0.94375 0.1046875 0.1125
2 0.196875 0.94140625 0.11484375 0.1171875
2 0.3125 0.93984375 0.1140625 0.1203125
3 0.91875 0.9375 0.1625 0.125