4 0.3640625 0.340625 0.1546875 0.06640625
2 0.36328125 0.39921875 0.16328125 0.0703125
2 0.35703125 0.4609375 0.16484375 0.06875
2 0.35234375 0.5234375 0.1671875 0.0734375
2 0.35 0.590625 0.165625 0.07265625
4 0.52265625 0.34453125 0.1484375 0.0640625
2 0.5203125 0.40625 0.15 0.06484375
2 0.51171875 0.46875 0.13671875 0.0640625
4 0.5125 0.52890625 0.14921875 0.0703125
2 0.5109375 0.5953125 0.15546875 0.065625
4 0.77109375 0.3609375 0.13828125 0.06171875
2 0.78203125 0.4203125 0.14921875 0.05390625
4 0.7828125 0.4765625 0.1546875 0.06875
2 0.78828125 0.53828125 0.15078125 0.0625
4 0.7828125 0.59375 0.14453125 0.065625
4 0.7875 0.659375 0.14921875 0.0625
4 0.7796875 0.7171875 0.1578125 0.0640625
3 0.73828125 0.78515625 0.12890625 0.08203125
2 0.14921875 0.77578125 0.1078125 0.09921875
2 0.24296875 0.78984375 0.084375 0.1171875
2 0.31953125 0.79375 0.07265625 0.11953125
4 0.396875 0.815625 0.08203125 0.14765625
4 0.4859375 0.8171875 0.07109375 0.14609375
4 0.5625 0.8109375 0.07578125 0.12734375
4 0.6375 0.81171875 0.07578125 0.1234375