2 0.3296875 0.1703125 0.06484375 0.1734375
2 0.54140625 0.1625 0.07109375 0.1703125
2 0.68828125 0.15390625 0.06640625 0.171875
2 0.88203125 0.3203125 0.159375 0.08984375
2 0.8828125 0.41171875 0.16328125 0.0984375
2 0.88515625 0.50390625 0.171875 0.0875
2 0.4015625 0.478125 0.07265625 0.17109375
2 0.4015625 0.6484375 0.0765625 0.1828125
2 0.47578125 0.65546875 0.07421875 0.19765625
2 0.6203125 0.47734375 0.078125 0.17265625
2 0.621875 0.65234375 0.0828125 0.1875
4 0.32578125 0.47734375 0.078125 0.17265625
4 0.33125 0.65390625 0.0765625 0.17890625
4 0.471875 0.46875 0.07421875 0.18671875
4 0.546875 0.6578125 0.06875 0.2015625
4 0.546875 0.471875 0.0734375 0.17890625
4 0.878125 0.7796875 0.15703125 0.0953125
2 0.88046875 0.8828125 0.16796875 0.1203125
4 0.878125 0.684375 0.15546875 0.09609375
4 0.8796875 0.59296875 0.15234375 0.08515625
4 0.75234375 0.14609375 0.0671875 0.20390625
4 0.615625 0.15078125 0.07578125 0.1828125
4 0.46328125 0.159375 0.0734375 0.196875
4 0.3953125 0.16328125 0.06484375 0.196875
3 0.840625 0.1953125 0.09609375 0.15625