4 0.0734375 0.9375 0.146875 0.125
4 0.35 0.21328125 0.24453125 0.10546875
4 0.5859375 0.2109375 0.22890625 0.11015625
4 0.346875 0.31875 0.24765625 0.1109375
4 0.57890625 0.3203125 0.215625 0.1109375
4 0.34765625 0.42890625 0.25390625 0.1109375
4 0.58125 0.428125 0.2203125 0.11015625
4 0.34921875 0.5359375 0.24921875 0.10234375
4 0.5796875 0.53515625 0.209375 0.103125
4 0.35 0.6453125 0.24765625 0.11328125
4 0.58671875 0.64296875 0.22578125 0.1140625
2 0.9515625 0.20625 0.096875 0.1046875
2 0.9515625 0.31328125 0.096875 0.11015625
2 0.94921875 0.4234375 0.1015625 0.115625
2 0.9515625 0.53671875 0.096875 0.11015625
2 0.95 0.640625 0.1 0.10546875
2 0.94921875 0.740625 0.1015625 0.096875
2 0.95234375 0.83046875 0.0953125 0.08671875
2 0.775 0.953125 0.115625 0.09375
2 0.65859375 0.95234375 0.11640625 0.0953125
2 0.54375 0.95234375 0.11640625 0.0953125
2 0.4359375 0.9515625 0.1078125 0.09609375
2 0.3203125 0.95078125 0.121875 0.0984375
2 0.203125 0.95 0.11328125 0.1
3 0.91875 0.9375 0.1625 0.12421875