4 0.35078125 0.19609375 0.2546875 0.1171875
4 0.58828125 0.1890625 0.22265625 0.1140625
4 0.3421875 0.30625 0.253125 0.10859375
4 0.58984375 0.303125 0.2390625 0.11328125
4 0.33984375 0.41953125 0.25 0.1171875
4 0.5875 0.41875 0.2453125 0.1125
4 0.34453125 0.52890625 0.2515625 0.10859375
4 0.58828125 0.52578125 0.23671875 0.103125
4 0.3421875 0.6359375 0.26640625 0.109375
4 0.58515625 0.63984375 0.22890625 0.11796875
4 0.06875 0.93828125 0.13671875 0.1234375
2 0.94453125 0.196875 0.11015625 0.11171875
2 0.94453125 0.30390625 0.11015625 0.11328125
2 0.94453125 0.41484375 0.11015625 0.1140625
2 0.946875 0.52578125 0.10625 0.1046875
2 0.946875 0.634375 0.10625 0.11015625
2 0.94609375 0.7375 0.1078125 0.09765625
2 0.94453125 0.8265625 0.1109375 0.0890625
2 0.778125 0.95078125 0.1171875 0.09765625
2 0.65859375 0.94921875 0.11640625 0.1015625
2 0.540625 0.95 0.12109375 0.1
2 0.43046875 0.95 0.1109375 0.1
2 0.31640625 0.94921875 0.1234375 0.1015625
2 0.2015625 0.94453125 0.1203125 0.1109375
3 0.92109375 0.93828125 0.1578125 0.1234375