4 0.33125 0.31171875 0.18828125 0.05703125
2 0.33671875 0.38046875 0.19765625 0.0640625
2 0.33671875 0.45234375 0.19765625 0.0703125
4 0.33828125 0.52265625 0.2 0.06875
2 0.3375 0.59609375 0.20703125 0.075
4 0.51953125 0.3 0.17890625 0.06171875
2 0.51796875 0.3703125 0.17890625 0.0625
4 0.5296875 0.440625 0.18828125 0.07109375
4 0.53046875 0.5140625 0.18671875 0.0703125
2 0.5328125 0.590625 0.1921875 0.075
2 0.81171875 0.2828125 0.18359375 0.065625
4 0.8171875 0.3484375 0.19609375 0.06484375
4 0.83046875 0.42109375 0.1828125 0.0734375
2 0.83515625 0.49765625 0.18515625 0.07734375
4 0.85078125 0.5734375 0.20859375 0.07578125
2 0.85703125 0.64609375 0.18203125 0.06796875
4 0.871875 0.715625 0.19765625 0.0671875
3 0.8234375 0.8046875 0.1625 0.09609375
2 0.12578125 0.83359375 0.11796875 0.0953125
4 0.23125 0.8546875 0.09609375 0.1453125
2 0.321875 0.853125 0.0984375 0.14453125
2 0.41484375 0.85390625 0.08984375 0.1453125
4 0.50703125 0.85078125 0.10625 0.15
2 0.60078125 0.8484375 0.09140625 0.146875
4 0.69765625 0.84609375 0.11015625 0.15078125