4 0.31953125 0.30859375 0.17734375 0.05234375
4 0.4953125 0.2890625 0.17578125 0.06171875
2 0.32890625 0.37421875 0.178125 0.06796875
2 0.5 0.3609375 0.1703125 0.06015625
2 0.33515625 0.44375 0.1796875 0.059375
2 0.50625 0.43359375 0.17421875 0.06015625
4 0.33359375 0.509375 0.18125 0.0703125
2 0.5109375 0.50078125 0.1625 0.05859375
2 0.34375 0.5859375 0.17890625 0.0609375
4 0.51875 0.5734375 0.1796875 0.06328125
2 0.14765625 0.8359375 0.10625 0.1515625
4 0.246875 0.83046875 0.0921875 0.14609375
2 0.33515625 0.83125 0.08984375 0.1484375
4 0.41875 0.82578125 0.09453125 0.14765625
4 0.50625 0.821875 0.09296875 0.14296875
2 0.59453125 0.8171875 0.078125 0.12890625
4 0.6875 0.815625 0.10234375 0.140625
3 0.80859375 0.7703125 0.153125 0.09765625
2 0.853125 0.6890625 0.1875 0.059375
4 0.85234375 0.621875 0.184375 0.07265625
4 0.8453125 0.55 0.1953125 0.0671875
4 0.84375 0.48046875 0.2109375 0.06484375
4 0.8328125 0.40234375 0.20390625 0.06484375
2 0.825 0.32890625 0.20390625 0.0671875
2 0.8234375 0.26484375 0.21328125 0.06328125