4 0.33984375 0.20546875 0.25078125 0.10703125
4 0.33828125 0.3109375 0.253125 0.10859375
4 0.34140625 0.4203125 0.2578125 0.109375
4 0.575 0.4171875 0.2140625 0.10625
4 0.34296875 0.52890625 0.24765625 0.10390625
4 0.5796875 0.52890625 0.22109375 0.10234375
4 0.34765625 0.63828125 0.24765625 0.115625
4 0.58046875 0.63671875 0.22578125 0.11796875
4 0.071875 0.93515625 0.14375 0.1296875
4 0.42578125 0.9375 0.12734375 0.125
4 0.9328125 0.82734375 0.13359375 0.096875
4 0.9265625 0.18828125 0.146875 0.1140625
3 0.91796875 0.9359375 0.1640625 0.128125
2 0.77265625 0.93828125 0.1203125 0.1234375
2 0.65703125 0.9421875 0.12265625 0.11484375
2 0.5453125 0.940625 0.10625 0.11796875
2 0.31875 0.94140625 0.12421875 0.1171875
2 0.2 0.9390625 0.11640625 0.121875
2 0.94296875 0.73046875 0.11328125 0.10078125
2 0.94375 0.62890625 0.1125 0.1125
2 0.94453125 0.52109375 0.1109375 0.109375
2 0.94453125 0.41484375 0.1109375 0.11484375
2 0.94765625 0.29609375 0.10390625 0.10625