2 0.15703125 0.12578125 0.15 0.11484375
2 0.15625 0.22265625 0.153125 0.08984375
2 0.15703125 0.31484375 0.15390625 0.09296875
4 0.1546875 0.4015625 0.16015625 0.0796875
2 0.15703125 0.48671875 0.14921875 0.08515625
4 0.15859375 0.575 0.14765625 0.08671875
4 0.15859375 0.66796875 0.15 0.09140625
3 0.19921875 0.77890625 0.10859375 0.1234375
4 0.2875 0.83125 0.06015625 0.18125
2 0.35078125 0.8296875 0.06640625 0.1734375
4 0.41953125 0.82734375 0.0703125 0.16875
2 0.490625 0.82734375 0.0703125 0.175
4 0.5625 0.80546875 0.07109375 0.1640625
4 0.6328125 0.80078125 0.06953125 0.1734375
2 0.6984375 0.79921875 0.0640625 0.1734375
4 0.40625 0.3296875 0.0859375 0.1953125
4 0.41015625 0.51171875 0.078125 0.16953125
4 0.48359375 0.3328125 0.0671875 0.1953125
4 0.48359375 0.509375 0.07421875 0.17421875
4 0.55390625 0.33046875 0.06953125 0.190625
2 0.553125 0.51171875 0.0734375 0.17265625
2 0.621875 0.33671875 0.0671875 0.18125
2 0.6203125 0.50703125 0.0671875 0.16640625
2 0.68359375 0.3375 0.06796875 0.1765625
2 0.690625 0.5046875 0.07421875 0.17109375