2 0.93671875 0.29453125 0.12578125 0.11484375
2 0.94140625 0.40546875 0.1171875 0.10703125
2 0.94296875 0.51171875 0.11328125 0.109375
2 0.94375 0.6203125 0.1125 0.11171875
2 0.94609375 0.72421875 0.1078125 0.09921875
2 0.790625 0.94609375 0.125 0.1078125
2 0.671875 0.94765625 0.1203125 0.10390625
2 0.5546875 0.946875 0.12421875 0.1015625
2 0.3265625 0.94375 0.125 0.1125
2 0.07265625 0.94375 0.1421875 0.1125
2 0.56796875 0.303125 0.2203125 0.1078125
2 0.33671875 0.1984375 0.23671875 0.1
4 0.5671875 0.196875 0.2140625 0.10390625
4 0.33671875 0.30078125 0.23984375 0.10703125
4 0.33828125 0.39921875 0.24375 0.0875
4 0.5671875 0.4078125 0.2171875 0.10859375
4 0.5734375 0.5140625 0.22734375 0.1046875
4 0.34453125 0.515625 0.2484375 0.10703125
4 0.34765625 0.625 0.253125 0.11328125
4 0.5875 0.625 0.2265625 0.121875
4 0.2046875 0.94453125 0.11796875 0.1109375
4 0.44375 0.9375 0.10859375 0.125
4 0.9421875 0.8203125 0.115625 0.09453125
4 0.9296875 0.1890625 0.13984375 0.10234375
3 0.92734375 0.93515625 0.1453125 0.1296875