2 0.340625 0.2078125 0.2421875 0.10546875
2 0.57578125 0.3125 0.2296875 0.10625
2 0.0703125 0.94375 0.140625 0.11171875
2 0.31328125 0.94609375 0.11171875 0.1078125
2 0.54140625 0.9453125 0.115625 0.109375
2 0.6546875 0.94296875 0.11328125 0.11328125
2 0.76953125 0.94453125 0.1109375 0.1109375
2 0.95 0.7359375 0.1 0.09609375
2 0.95 0.63359375 0.1 0.10625
2 0.95 0.528125 0.1 0.10703125
2 0.95 0.41328125 0.1 0.125
2 0.94921875 0.30703125 0.1015625 0.1140625
4 0.19765625 0.94453125 0.11328125 0.1109375
4 0.425 0.9390625 0.1078125 0.121875
4 0.934375 0.82734375 0.13125 0.0875
4 0.93828125 0.1921875 0.1234375 0.11015625
4 0.5765625 0.203125 0.23203125 0.109375
4 0.340625 0.3140625 0.24375 0.1109375
4 0.3421875 0.42578125 0.2484375 0.109375
4 0.5734375 0.425 0.2171875 0.11015625
4 0.34921875 0.534375 0.240625 0.10703125
4 0.5734375 0.5328125 0.2078125 0.11015625
4 0.353125 0.64296875 0.246875 0.11015625
4 0.58359375 0.64140625 0.21640625 0.10859375
3 0.9125 0.93828125 0.175 0.1234375