4 0.21171875 0.9453125 0.11171875 0.109375
4 0.66484375 0.94375 0.11953125 0.11171875
4 0.93828125 0.8265625 0.1234375 0.090625
4 0.9390625 0.2046875 0.12109375 0.10546875
4 0.5796875 0.2109375 0.2328125 0.109375
4 0.34609375 0.31875 0.2421875 0.1125
4 0.57578125 0.425 0.21328125 0.10625
4 0.34609375 0.428125 0.24921875 0.10703125
4 0.346875 0.53359375 0.24296875 0.10625
4 0.5796875 0.53515625 0.2203125 0.1046875
4 0.35 0.640625 0.246875 0.11171875
4 0.5875 0.64140625 0.2375 0.109375
3 0.9203125 0.93984375 0.159375 0.1203125
2 0.7828125 0.93984375 0.109375 0.1203125
2 0.54921875 0.9421875 0.1203125 0.11484375
2 0.43671875 0.94375 0.103125 0.1125
2 0.32578125 0.94140625 0.1203125 0.1171875
2 0.07578125 0.93984375 0.1515625 0.1203125
2 0.946875 0.734375 0.10625 0.096875
2 0.94453125 0.63515625 0.1109375 0.1046875
2 0.94921875 0.53125 0.1015625 0.109375
2 0.94921875 0.42109375 0.1015625 0.109375
2 0.946875 0.3125 0.10625 0.1078125
2 0.58203125 0.31875 0.2265625 0.10390625
2 0.34453125 0.2140625 0.246875 0.1