4 0.33515625 0.29296875 0.17890625 0.0609375
4 0.51484375 0.278125 0.175 0.0671875
4 0.33671875 0.503125 0.18828125 0.0703125
4 0.5203125 0.57265625 0.1828125 0.06875
4 0.2203125 0.8203125 0.09375 0.1453125
4 0.3984375 0.81875 0.09375 0.13984375
4 0.4890625 0.821875 0.08359375 0.14296875
4 0.675 0.821875 0.10390625 0.14609375
4 0.85078125 0.63125 0.19375 0.06953125
4 0.85 0.55546875 0.190625 0.07109375
4 0.84375 0.4796875 0.18828125 0.06875
4 0.8328125 0.40859375 0.18359375 0.06875
2 0.1203125 0.81484375 0.0953125 0.13828125
2 0.31171875 0.81953125 0.08046875 0.14140625
2 0.5765625 0.8265625 0.090625 0.14140625
3 0.80078125 0.78828125 0.1359375 0.1125
2 0.8375 0.6984375 0.16796875 0.06328125
2 0.82734375 0.33515625 0.18671875 0.07109375
2 0.82265625 0.26640625 0.19453125 0.06015625
2 0.3390625 0.359375 0.1765625 0.065625
2 0.51328125 0.35625 0.17109375 0.07109375
2 0.340625 0.4296875 0.1890625 0.06640625
2 0.515625 0.42578125 0.16953125 0.06484375
2 0.5171875 0.49765625 0.17265625 0.0703125
2 0.33828125 0.57734375 0.18984375 0.078125