2 0.33828125 0.21953125 0.240625 0.1015625
2 0.57265625 0.5359375 0.2265625 0.1046875
2 0.07578125 0.94296875 0.15078125 0.1140625
2 0.32109375 0.9453125 0.125 0.109375
2 0.43046875 0.94453125 0.0984375 0.1109375
2 0.53671875 0.94453125 0.1171875 0.1109375
2 0.77109375 0.946875 0.1171875 0.10625
2 0.94921875 0.73828125 0.1015625 0.0953125
2 0.94921875 0.63515625 0.1015625 0.10859375
2 0.9484375 0.53203125 0.103125 0.10703125
2 0.9515625 0.41875 0.09609375 0.11640625
2 0.95078125 0.20390625 0.09765625 0.1015625
4 0.9421875 0.30703125 0.115625 0.11015625
4 0.58046875 0.21328125 0.23359375 0.09765625
4 0.575 0.31953125 0.22890625 0.1046875
4 0.3375 0.325 0.24375 0.1046875
4 0.33984375 0.43125 0.24921875 0.10625
4 0.5734375 0.43046875 0.2203125 0.10625
4 0.340625 0.5375 0.24453125 0.1078125
4 0.3421875 0.6453125 0.25234375 0.10703125
4 0.58046875 0.646875 0.23203125 0.1125
4 0.2046875 0.94375 0.1 0.1125
4 0.65390625 0.94453125 0.1140625 0.1109375
4 0.9390625 0.8296875 0.121875 0.0953125
3 0.91875 0.940625 0.1625 0.11875