4 0.34609375 0.2140625 0.23125 0.1046875
4 0.578125 0.2109375 0.228125 0.10234375
4 0.346875 0.31875 0.234375 0.10859375
4 0.57421875 0.31875 0.221875 0.1140625
4 0.34609375 0.42734375 0.2390625 0.10625
4 0.571875 0.42734375 0.2171875 0.10703125
4 0.34375 0.5328125 0.23828125 0.10859375
4 0.57578125 0.53359375 0.2265625 0.11015625
4 0.35 0.64296875 0.24140625 0.1078125
4 0.584375 0.6421875 0.234375 0.1078125
4 0.07578125 0.93984375 0.15 0.11953125
2 0.95 0.21171875 0.1 0.103125
2 0.95 0.3171875 0.1 0.10859375
2 0.94921875 0.4234375 0.1015625 0.11015625
2 0.94765625 0.53515625 0.1046875 0.1109375
2 0.94765625 0.64296875 0.1046875 0.1078125
2 0.94765625 0.74296875 0.1046875 0.1
2 0.94765625 0.83359375 0.1046875 0.084375
2 0.77890625 0.953125 0.11484375 0.09375
2 0.659375 0.95234375 0.11875 0.0953125
2 0.5453125 0.95234375 0.11875 0.0953125
2 0.4328125 0.95078125 0.10703125 0.0984375
2 0.3203125 0.94921875 0.121875 0.1015625
2 0.20390625 0.94765625 0.11484375 0.1046875