2 0.37890625 0.3140625 0.16484375 0.05859375
2 0.378125 0.3765625 0.1671875 0.0609375
2 0.3796875 0.44296875 0.171875 0.06328125
2 0.54140625 0.4390625 0.1609375 0.0640625
2 0.5484375 0.57734375 0.16796875 0.06640625
2 0.17578125 0.81171875 0.10859375 0.1171875
2 0.27265625 0.8125 0.0828125 0.11953125
2 0.3609375 0.8125 0.0921875 0.1234375
2 0.52890625 0.815625 0.08515625 0.1328125
2 0.69921875 0.825 0.090625 0.146875
2 0.85546875 0.63359375 0.15546875 0.0578125
2 0.846875 0.49921875 0.16015625 0.06796875
4 0.82109375 0.30078125 0.1640625 0.06015625
4 0.82890625 0.3640625 0.1578125 0.0640625
4 0.8265625 0.42734375 0.16328125 0.0578125
4 0.853125 0.5671875 0.16796875 0.0625
4 0.86640625 0.696875 0.18046875 0.06328125
4 0.6109375 0.81484375 0.08359375 0.13984375
4 0.44765625 0.8171875 0.07890625 0.1328125
4 0.37890625 0.58203125 0.17734375 0.071875
4 0.3796875 0.5125 0.16875 0.065625
4 0.55 0.509375 0.16796875 0.06640625
4 0.54765625 0.37265625 0.16796875 0.0640625
4 0.54765625 0.31015625 0.16875 0.0625
3 0.8109375 0.77421875 0.13828125 0.0921875