3 0.91484375 0.940625 0.1703125 0.11875
2 0.59375 0.2125 0.23515625 0.096875
2 0.58359375 0.31796875 0.24609375 0.10546875
2 0.9484375 0.309375 0.103125 0.11015625
2 0.95 0.42265625 0.1 0.11171875
2 0.95078125 0.53125 0.0984375 0.10625
2 0.9484375 0.63984375 0.103125 0.10859375
2 0.9484375 0.73984375 0.103125 0.09765625
2 0.771875 0.946875 0.115625 0.10625
2 0.6546875 0.9484375 0.1296875 0.103125
2 0.5375 0.9453125 0.109375 0.109375
2 0.31015625 0.94140625 0.11796875 0.1171875
2 0.19921875 0.940625 0.1109375 0.11875
4 0.07109375 0.93203125 0.13515625 0.1359375
4 0.42265625 0.9375 0.1140625 0.125
4 0.9390625 0.8375 0.121875 0.08984375
4 0.9375 0.196875 0.125 0.11171875
4 0.3390625 0.21328125 0.24609375 0.1078125
4 0.34296875 0.31640625 0.2484375 0.10859375
4 0.34296875 0.4265625 0.2453125 0.10078125
4 0.57109375 0.425 0.22109375 0.10625
4 0.3421875 0.53203125 0.246875 0.1078125
4 0.5796875 0.53046875 0.23046875 0.10078125
4 0.34140625 0.63984375 0.24609375 0.11171875
4 0.5765625 0.6421875 0.2265625 0.11015625