4 0.3765625 0.26328125 0.1921875 0.0609375
2 0.37578125 0.32890625 0.19765625 0.07265625
2 0.3765625 0.4015625 0.19765625 0.07421875
4 0.38046875 0.475 0.2015625 0.0734375
2 0.3796875 0.54765625 0.1953125 0.075
4 0.56015625 0.2578125 0.17421875 0.0671875
2 0.565625 0.32890625 0.1875 0.0734375
2 0.5640625 0.3984375 0.178125 0.0703125
2 0.56484375 0.47265625 0.178125 0.07421875
4 0.5640625 0.5484375 0.18203125 0.0765625
2 0.840625 0.25546875 0.1859375 0.071875
2 0.86015625 0.32421875 0.17578125 0.0640625
4 0.875 0.39296875 0.175 0.06953125
4 0.88046875 0.465625 0.1859375 0.07421875
4 0.88359375 0.53984375 0.1828125 0.06953125
4 0.88828125 0.61015625 0.1921875 0.0703125
2 0.8875 0.678125 0.18828125 0.0625
3 0.840625 0.75703125 0.14765625 0.09765625
4 0.721875 0.7921875 0.10859375 0.14296875
2 0.62890625 0.79296875 0.09296875 0.14375
4 0.5375 0.79765625 0.0921875 0.14453125
4 0.44765625 0.79609375 0.08515625 0.14375
2 0.3578125 0.7953125 0.09765625 0.14296875
4 0.26171875 0.79609375 0.09609375 0.14375
2 0.15625 0.7953125 0.11171875 0.1421875