2 0.22734375 0.81328125 0.103125 0.103125
2 0.3203125 0.81484375 0.0765625 0.10390625
2 0.4 0.81484375 0.078125 0.10703125
4 0.47890625 0.81875 0.07421875 0.11796875
4 0.5578125 0.8203125 0.08125 0.11953125
4 0.6421875 0.8234375 0.0875 0.128125
4 0.7234375 0.8234375 0.078125 0.12578125
3 0.81953125 0.7921875 0.11484375 0.09453125
4 0.8609375 0.71875 0.15703125 0.05703125
4 0.86015625 0.66171875 0.1578125 0.0609375
4 0.86171875 0.596875 0.1640625 0.05703125
2 0.8625 0.5359375 0.17265625 0.065625
4 0.8625 0.46953125 0.1609375 0.0609375
2 0.86015625 0.40390625 0.1609375 0.059375
4 0.85078125 0.35078125 0.146875 0.06171875
4 0.41875 0.35234375 0.159375 0.059375
4 0.5765625 0.3515625 0.1546875 0.059375
2 0.4203125 0.41171875 0.165625 0.06328125
2 0.57421875 0.4125 0.14765625 0.06171875
2 0.42109375 0.47578125 0.16484375 0.06328125
2 0.575 0.4765625 0.15234375 0.06171875
2 0.41953125 0.5390625 0.16484375 0.06328125
4 0.5796875 0.53984375 0.15078125 0.06328125
2 0.421875 0.60625 0.1703125 0.0671875
2 0.578125 0.60390625 0.15390625 0.0640625