2 0.13671875 0.809375 0.1234375 0.09453125
4 0.24140625 0.8140625 0.0890625 0.1015625
2 0.3375 0.81484375 0.10078125 0.09296875
4 0.41953125 0.81484375 0.07421875 0.09140625
4 0.50625 0.81953125 0.084375 0.0984375
2 0.5921875 0.8234375 0.08828125 0.09375
4 0.6875 0.821875 0.1046875 0.09375
3 0.8046875 0.80859375 0.11640625 0.1015625
2 0.8015625 0.72890625 0.10390625 0.06953125
4 0.8046875 0.665625 0.096875 0.06875
4 0.81640625 0.5921875 0.1109375 0.075
4 0.8125 0.5234375 0.109375 0.07265625
4 0.8140625 0.4515625 0.109375 0.07109375
2 0.7984375 0.38046875 0.10078125 0.0734375
2 0.7953125 0.31640625 0.1109375 0.06171875
4 0.36328125 0.31953125 0.17890625 0.06640625
4 0.53671875 0.31953125 0.16953125 0.06484375
2 0.359375 0.38359375 0.1765625 0.0734375
2 0.53125 0.38671875 0.16484375 0.06796875
2 0.359375 0.45546875 0.184375 0.0734375
2 0.5328125 0.45546875 0.15859375 0.06796875
4 0.35625 0.52734375 0.1859375 0.06875
2 0.5359375 0.52734375 0.1671875 0.07421875
2 0.35625 0.6 0.18984375 0.075
4 0.53671875 0.6 0.17109375 0.07421875