2 0.95390625 0.20390625 0.09140625 0.09765625
2 0.95078125 0.42109375 0.0984375 0.1109375
2 0.94921875 0.53125 0.1015625 0.1125
2 0.94765625 0.6390625 0.10390625 0.10546875
2 0.95 0.74140625 0.1 0.1
2 0.78671875 0.94375 0.11328125 0.10625
2 0.55078125 0.9453125 0.11640625 0.109375
2 0.440625 0.940625 0.10234375 0.11875
2 0.3296875 0.94375 0.11875 0.1125
2 0.08125 0.9421875 0.15703125 0.11484375
3 0.925 0.93828125 0.14921875 0.12265625
2 0.58125 0.6453125 0.225 0.1125
2 0.346875 0.21328125 0.2390625 0.10234375
4 0.57890625 0.209375 0.2265625 0.10625
4 0.58515625 0.31640625 0.2328125 0.10625
4 0.346875 0.31796875 0.23828125 0.10546875
4 0.346875 0.42890625 0.24375 0.11015625
4 0.5828125 0.42734375 0.2234375 0.1140625
4 0.34453125 0.5375 0.24140625 0.11015625
4 0.584375 0.53828125 0.23515625 0.10703125
4 0.34921875 0.6453125 0.25 0.11015625
4 0.2140625 0.94375 0.109375 0.1125
4 0.67109375 0.94140625 0.12265625 0.1171875
4 0.94375 0.8296875 0.11171875 0.08828125
4 0.95 0.3078125 0.1 0.11171875