4 0.38515625 0.28828125 0.16953125 0.071875
4 0.5609375 0.3 0.1640625 0.075
4 0.56015625 0.43515625 0.18046875 0.07421875
4 0.37734375 0.4984375 0.18515625 0.07578125
4 0.5546875 0.50625 0.16875 0.07578125
4 0.82578125 0.38125 0.1484375 0.07421875
4 0.82578125 0.4453125 0.1484375 0.08046875
4 0.84453125 0.58671875 0.1609375 0.0734375
4 0.853125 0.71796875 0.1640625 0.0625
4 0.44609375 0.82578125 0.0875 0.15234375
4 0.3484375 0.8234375 0.090625 0.1640625
4 0.25703125 0.8234375 0.10078125 0.1625
2 0.3828125 0.3578125 0.17421875 0.07890625
2 0.3828125 0.43046875 0.184375 0.08046875
2 0.55703125 0.36875 0.1703125 0.07265625
2 0.38046875 0.57421875 0.1921875 0.08359375
2 0.55078125 0.5828125 0.1640625 0.08046875
2 0.828125 0.31875 0.14921875 0.0609375
2 0.84609375 0.5203125 0.18671875 0.06953125
2 0.85234375 0.65625 0.18125 0.06015625
2 0.69921875 0.81953125 0.09453125 0.12890625
2 0.60703125 0.81953125 0.07890625 0.1328125
2 0.53203125 0.81875 0.07734375 0.1375
2 0.14453125 0.82578125 0.11796875 0.16328125
3 0.80625 0.79609375 0.1171875 0.09765625