4 0.39765625 0.33984375 0.16171875 0.05703125
2 0.55 0.33515625 0.14609375 0.05546875
2 0.39609375 0.39609375 0.16171875 0.059375
2 0.54609375 0.39453125 0.14375 0.0609375
2 0.39609375 0.45703125 0.16171875 0.06171875
2 0.54921875 0.45390625 0.14453125 0.0578125
2 0.3953125 0.5171875 0.16328125 0.06484375
4 0.5515625 0.51640625 0.146875 0.06171875
2 0.39609375 0.5796875 0.16484375 0.06328125
2 0.553125 0.57890625 0.1515625 0.06640625
2 0.203125 0.778125 0.10703125 0.09609375
2 0.2953125 0.79140625 0.0703125 0.1234375
4 0.37109375 0.79140625 0.084375 0.12578125
4 0.44921875 0.79375 0.0828125 0.13359375
4 0.53359375 0.7921875 0.0765625 0.13515625
4 0.61640625 0.79296875 0.08203125 0.13515625
4 0.69609375 0.79453125 0.08828125 0.134375
3 0.79921875 0.76015625 0.109375 0.08671875
4 0.83125 0.6921875 0.1625 0.0640625
2 0.83125 0.6328125 0.14921875 0.05390625
2 0.83515625 0.571875 0.16328125 0.06484375
4 0.8390625 0.51171875 0.16328125 0.05859375
4 0.83671875 0.4484375 0.1578125 0.06328125
4 0.82890625 0.3875 0.16328125 0.06171875
4 0.8296875 0.328125 0.1625 0.05625