4 0.3578125 0.275 0.16953125 0.06015625
4 0.51875 0.27734375 0.15390625 0.065625
4 0.5171875 0.4640625 0.15703125 0.065625
4 0.7890625 0.2828125 0.14140625 0.0640625
4 0.79296875 0.4 0.15 0.06640625
4 0.79765625 0.52890625 0.15859375 0.06875
4 0.8015625 0.58984375 0.15625 0.06015625
4 0.8 0.64609375 0.1609375 0.06484375
4 0.6515625 0.753125 0.08671875 0.13515625
4 0.56953125 0.7484375 0.07421875 0.1359375
4 0.4875 0.74921875 0.0890625 0.14296875
4 0.4 0.7484375 0.08203125 0.13359375
2 0.1453125 0.75 0.103125 0.14296875
2 0.2390625 0.7453125 0.0859375 0.13828125
2 0.31953125 0.75078125 0.07734375 0.14609375
2 0.79765625 0.4640625 0.15859375 0.06484375
2 0.79609375 0.340625 0.153125 0.053125
2 0.35859375 0.3359375 0.159375 0.0640625
2 0.515625 0.33984375 0.14921875 0.0640625
2 0.35859375 0.39765625 0.1671875 0.06328125
2 0.5109375 0.40078125 0.15 0.0609375
2 0.353125 0.465625 0.16953125 0.06640625
2 0.51328125 0.53203125 0.159375 0.06875
2 0.34921875 0.528125 0.17109375 0.0703125