2 0.95234375 0.2078125 0.09453125 0.0984375
2 0.94921875 0.42421875 0.1015625 0.11171875
2 0.94765625 0.52890625 0.1046875 0.1046875
2 0.946875 0.634375 0.10625 0.1046875
2 0.946875 0.734375 0.10625 0.09140625
2 0.78203125 0.93359375 0.11796875 0.09921875
2 0.5484375 0.94453125 0.121875 0.10703125
2 0.4421875 0.94296875 0.10078125 0.1140625
2 0.32578125 0.94296875 0.11953125 0.1140625
2 0.07734375 0.94453125 0.1546875 0.1109375
2 0.35390625 0.21640625 0.2375 0.10390625
2 0.58046875 0.4296875 0.21171875 0.1015625
4 0.21015625 0.94453125 0.10859375 0.1109375
4 0.6671875 0.9421875 0.109375 0.11484375
4 0.94140625 0.8265625 0.1171875 0.08671875
4 0.9484375 0.3125 0.103125 0.11328125
4 0.58984375 0.21484375 0.234375 0.10546875
4 0.5890625 0.321875 0.22734375 0.10703125
4 0.3515625 0.32421875 0.2390625 0.109375
4 0.35 0.43046875 0.24453125 0.10625
4 0.35390625 0.54140625 0.246875 0.1046875
4 0.58671875 0.53828125 0.21875 0.10703125
4 0.353125 0.64921875 0.24921875 0.10390625
4 0.5890625 0.64609375 0.22421875 0.10625
3 0.92109375 0.9359375 0.1578125 0.128125