2 0.17841555625 0.3583984171875 0.19561233281249998 0.42003041718749995 0.3404541109375 0.3806804171875 0.32334688906250003 0.32251075 0.17841555625 0.3583984171875
4 0.322103221875 0.3215784171875 0.34387555625 0.38239125 0.49556022187500004 0.3438965828125 0.47275055625 0.2805944171875 0.322103221875 0.3215784171875
2 0.19278433281250001 0.41407733281250003 0.200174221875 0.4833325828125 0.3609828890625 0.444838 0.34387555625 0.3815358328125 0.19278433281250001 0.41407733281250003
4 0.494419778125 0.34560749999999996 0.3448536671875 0.3781554171875 0.36212333281250003 0.4465489171875 0.513808 0.40805425 0.494419778125 0.34560749999999996
2 0.20116611093749998 0.48412499999999997 0.2150006671875 0.5468745 0.3769496671875 0.5126570828125 0.3587018890625 0.4459330828125 0.20116611093749998 0.48412499999999997
2 0.51266755625 0.4125711671875 0.35922244375 0.44730508281250003 0.3746686671875 0.5109461671875 0.5331963328125 0.4801505828125 0.51266755625 0.4125711671875
4 0.2071531109375 0.5478863328125 0.222984 0.61017675 0.39291644375 0.57681475 0.3769496671875 0.5109461671875 0.2071531109375 0.5478863328125
4 0.5309153328125 0.4801505828125 0.38077555625000004 0.5119645 0.39519744375 0.5785256671875 0.5525847781250001 0.5451636671875 0.5309153328125 0.4801505828125
4 0.22032444375 0.61254575 0.2366698890625 0.6820333328125 0.411164221875 0.6478158328125 0.39519744375 0.5776701671875 0.22032444375 0.61254575
2 0.3951443328125 0.5802160828125 0.4145858890625 0.6495267499999999 0.576535 0.61616475 0.5525847781250001 0.5477299171875 0.3951443328125 0.5802160828125
4 0.572359 0.26051125 0.5936421109375 0.3175848328125 0.70655044375 0.29448799999999997 0.6791786671875 0.22690866718749997 0.572359 0.26051125
4 0.59510955625 0.3188843328125 0.621013778125 0.37746525000000003 0.7339218890625 0.3586456671875 0.7088312218749999 0.2893554171875 0.59510955625 0.3188843328125
4 0.62504444375 0.3817475828125 0.6506664437499999 0.45103275 0.7590126671874999 0.427936 0.73278144375 0.3577903328125 0.62504444375 0.3817475828125
2 0.647795 0.45179533281250006 0.667773778125 0.519606 0.7875248890625001 0.4982201671875 0.7567316671875 0.42636358281250003 0.647795 0.45179533281250006
4 0.6633611109374999 0.5200469171875 0.6974263328125 0.58975175 0.80805355625 0.5675104171875 0.7761199999999999 0.4913766671875 0.6633611109374999 0.5200469171875
2 0.6956908890625 0.5909926671875 0.71795544375 0.6470659171875 0.8422681109375001 0.62568 0.8137563328124999 0.5623778328125 0.6956908890625 0.5909926671875
4 0.71604655625 0.6484676671875 0.73962444375 0.7129344171875001 0.85709444375 0.6966812499999999 0.8308632218750001 0.6265354171874999 0.71604655625 0.6484676671875
3 0.7040726671875001 0.7248016671874999 0.7293603328125 0.8138758328125 0.8696398890625 0.7856465 0.8411276671874999 0.6992475 0.7040726671875001 0.7248016671874999
2 0.6130705562500001 0.7382724171875 0.6426831109375 0.8267637499999999 0.7305006671875 0.8130768328125001 0.7019883328125001 0.7241115 0.6130705562500001 0.7382724171875
4 0.61074944375 0.7386539171875001 0.5232657781250001 0.7517430828125 0.5480226671875 0.84729425 0.6404021109375 0.8327518328125001 0.61074944375 0.7386539171875001
2 0.447829778125 0.76431575 0.4750316671875 0.8601258328125001 0.5537251109375 0.84729425 0.52179144375 0.7506300828125 0.447829778125 0.76431575
4 0.44423855625 0.7703050828125 0.3628146671875 0.7759904171875001 0.3906356671875 0.8695355828125001 0.47731244375 0.864403 0.44423855625 0.7703050828125
2 0.370106778125 0.7865583328125 0.2945631109375 0.7966455 0.30738 0.8815116671875 0.38949500000000004 0.8712465 0.370106778125 0.7865583328125
2 0.2167323328125 0.8074220000000001 0.23324844374999998 0.8960540828125 0.318785 0.8823670828125 0.2936943328125 0.8002453328125 0.2167323328125 0.8074220000000001
2 0.21271966718750002 0.8156431671875 0.1233353328125 0.8289751671875001 0.12946411093750002 0.9217170828125001 0.2378103328125 0.9046084171875 0.21271966718750002 0.8156431671875