4 0.34453125 0.21328125 0.23515625 0.1
4 0.34375 0.315625 0.24609375 0.109375
4 0.34140625 0.4265625 0.24765625 0.10703125
4 0.57265625 0.4234375 0.215625 0.1078125
4 0.56953125 0.53203125 0.21640625 0.10859375
4 0.58046875 0.64296875 0.225 0.11171875
4 0.3453125 0.534375 0.24296875 0.10234375
4 0.346875 0.64375 0.23984375 0.11171875
4 0.06953125 0.93359375 0.1390625 0.1328125
4 0.425 0.9390625 0.11875 0.121875
4 0.9375 0.8296875 0.125 0.09296875
4 0.92890625 0.19375 0.1421875 0.1109375
2 0.5765625 0.2109375 0.2296875 0.10546875
2 0.578125 0.31796875 0.228125 0.109375
2 0.94296875 0.31015625 0.1140625 0.1125
2 0.94296875 0.42265625 0.1140625 0.1109375
2 0.94296875 0.5328125 0.1140625 0.10703125
2 0.9421875 0.640625 0.11484375 0.10703125
2 0.94296875 0.7421875 0.1140625 0.096875
2 0.76640625 0.94921875 0.11796875 0.10078125
2 0.65078125 0.9484375 0.11953125 0.103125
2 0.5390625 0.9484375 0.10859375 0.10234375
2 0.3109375 0.94296875 0.1203125 0.1140625
2 0.19453125 0.94140625 0.11015625 0.1171875
3 0.9140625 0.9390625 0.17109375 0.121875