4 0.91953125 0.20234375 0.1609375 0.11328125
4 0.9359375 0.8328125 0.12734375 0.10390625
4 0.42734375 0.934375 0.1203125 0.13125
4 0.0703125 0.928125 0.13984375 0.14375
4 0.57109375 0.20078125 0.2359375 0.1203125
4 0.3375 0.31015625 0.253125 0.1125
4 0.33828125 0.4203125 0.23515625 0.11171875
4 0.57734375 0.41796875 0.2296875 0.121875
4 0.340625 0.5296875 0.24609375 0.10859375
4 0.575 0.5328125 0.225 0.10703125
4 0.3453125 0.63828125 0.2515625 0.11171875
4 0.58125 0.64140625 0.234375 0.11328125
2 0.19609375 0.940625 0.10703125 0.11875
2 0.309375 0.9390625 0.115625 0.121875
2 0.528125 0.92578125 0.075 0.07734375
2 0.6515625 0.94140625 0.11875 0.1171875
2 0.77109375 0.9453125 0.11484375 0.109375
2 0.94453125 0.73828125 0.1109375 0.1015625
2 0.9484375 0.63515625 0.103125 0.11015625
2 0.94765625 0.53125 0.10390625 0.1140625
2 0.94765625 0.41796875 0.10390625 0.11640625
2 0.94921875 0.3109375 0.1015625 0.11484375
2 0.57265625 0.31328125 0.2265625 0.10703125
2 0.33671875 0.20703125 0.240625 0.10625
3 0.91796875 0.93671875 0.1640625 0.12578125