2 0.125 0.80703125 0.1203125 0.07265625
4 0.2296875 0.83125 0.0890625 0.13359375
2 0.315625 0.83359375 0.08671875 0.1296875
4 0.40546875 0.8359375 0.09609375 0.14296875
4 0.5 0.8359375 0.08671875 0.1390625
2 0.58671875 0.8359375 0.0859375 0.13359375
4 0.6828125 0.83828125 0.0984375 0.13671875
3 0.79453125 0.80234375 0.128125 0.09453125
2 0.815625 0.728125 0.13203125 0.06015625
4 0.84453125 0.66171875 0.18359375 0.0671875
4 0.83828125 0.590625 0.18359375 0.0703125
4 0.84765625 0.51953125 0.18671875 0.0703125
4 0.84375 0.4515625 0.19765625 0.071875
2 0.828125 0.38046875 0.1796875 0.07109375
2 0.82578125 0.31171875 0.184375 0.0609375
4 0.36171875 0.31796875 0.18046875 0.06484375
4 0.5375 0.31640625 0.16796875 0.065625
2 0.36171875 0.38515625 0.18359375 0.06953125
2 0.53515625 0.38359375 0.1703125 0.06875
2 0.35859375 0.4515625 0.18125 0.0703125
2 0.5359375 0.45234375 0.1703125 0.06953125
4 0.35625 0.52265625 0.18515625 0.06953125
2 0.5359375 0.5234375 0.17421875 0.0703125
2 0.35390625 0.5953125 0.1875 0.0734375
4 0.53359375 0.59609375 0.17421875 0.0765625