2 0.3390625 0.21640625 0.2328125 0.10546875
2 0.57265625 0.43046875 0.2203125 0.1078125
2 0.9453125 0.20625 0.109375 0.1
2 0.94609375 0.42265625 0.10703125 0.1125
2 0.9453125 0.53203125 0.109375 0.1078125
2 0.946875 0.640625 0.10625 0.109375
2 0.946875 0.7421875 0.10625 0.09609375
2 0.771875 0.95 0.11796875 0.09921875
2 0.54140625 0.94609375 0.1203125 0.10703125
2 0.43046875 0.94609375 0.09921875 0.1078125
2 0.3171875 0.9453125 0.12734375 0.109375
2 0.0734375 0.94453125 0.1453125 0.1109375
3 0.91953125 0.9390625 0.1578125 0.121875
4 0.93984375 0.83359375 0.11953125 0.090625
4 0.66015625 0.94375 0.1109375 0.1125
4 0.2015625 0.94296875 0.1125 0.1140625
4 0.34609375 0.64375 0.2390625 0.10625
4 0.5796875 0.6421875 0.2265625 0.10625
4 0.34140625 0.53671875 0.2390625 0.10625
4 0.575 0.5359375 0.2296875 0.1078125
4 0.33828125 0.43125 0.24453125 0.10625
4 0.33984375 0.3234375 0.2390625 0.10859375
4 0.5734375 0.31875 0.23125 0.1046875
4 0.57421875 0.2109375 0.234375 0.10703125
4 0.94375 0.3109375 0.1125 0.1140625