4 0.3421875 0.21640625 0.24765625 0.11171875
4 0.5796875 0.2140625 0.240625 0.10390625
4 0.33984375 0.325 0.23984375 0.109375
4 0.57578125 0.3234375 0.2265625 0.1109375
4 0.33359375 0.43046875 0.2609375 0.11015625
4 0.57421875 0.43359375 0.21796875 0.11171875
4 0.33671875 0.53984375 0.25 0.10625
4 0.57421875 0.53828125 0.225 0.10234375
4 0.3421875 0.64375 0.2484375 0.10703125
4 0.58046875 0.64609375 0.2234375 0.11328125
4 0.071875 0.9390625 0.14375 0.11875
4 0.93984375 0.8296875 0.1203125 0.090625
2 0.9453125 0.2078125 0.109375 0.10625
2 0.94453125 0.31171875 0.1109375 0.1109375
2 0.94609375 0.42578125 0.1078125 0.11796875
2 0.94609375 0.53359375 0.1078125 0.11015625
2 0.9453125 0.64140625 0.109375 0.1109375
2 0.946875 0.73984375 0.10546875 0.09453125
2 0.775 0.95234375 0.121875 0.0953125
2 0.65546875 0.9515625 0.115625 0.09609375
2 0.54140625 0.94765625 0.115625 0.1046875
2 0.4328125 0.9453125 0.10234375 0.109375
2 0.31796875 0.9453125 0.12734375 0.109375
2 0.20234375 0.94375 0.1140625 0.1125