4 0.34375 0.21796875 0.23125 0.1015625
4 0.5796875 0.2140625 0.240625 0.10859375
4 0.34296875 0.321875 0.2359375 0.11015625
4 0.57734375 0.32265625 0.2359375 0.1078125
4 0.34296875 0.43125 0.2390625 0.10625
4 0.5703125 0.428125 0.21953125 0.10703125
4 0.3421875 0.5359375 0.23046875 0.10625
4 0.571875 0.53359375 0.225 0.10703125
4 0.34609375 0.6421875 0.2390625 0.10859375
4 0.57578125 0.64140625 0.21640625 0.11015625
4 0.071875 0.93671875 0.14375 0.1265625
2 0.946875 0.20390625 0.10625 0.1015625
2 0.94765625 0.309375 0.10390625 0.10859375
2 0.94765625 0.4203125 0.10390625 0.1140625
2 0.946875 0.53046875 0.10625 0.11015625
2 0.9453125 0.634375 0.109375 0.10625
2 0.946875 0.73828125 0.10625 0.1078125
2 0.9484375 0.82421875 0.103125 0.0828125
2 0.77578125 0.94609375 0.12421875 0.1078125
2 0.659375 0.94609375 0.1109375 0.1078125
2 0.54296875 0.94296875 0.121875 0.11328125
2 0.43203125 0.94375 0.1046875 0.11015625
2 0.3203125 0.94296875 0.12265625 0.11328125
2 0.20078125 0.94140625 0.1171875 0.1171875
3 0.921875 0.93359375 0.15625 0.1328125