4 0.38359375 0.27265625 0.17109375 0.06015625
4 0.55859375 0.26015625 0.1734375 0.059375
2 0.38984375 0.334375 0.1875 0.06953125
2 0.56171875 0.32734375 0.16953125 0.059375
2 0.3921875 0.403125 0.18046875 0.06484375
4 0.5703125 0.3953125 0.18125 0.05859375
4 0.39375 0.47109375 0.184375 0.065625
4 0.56875 0.4640625 0.1765625 0.06015625
2 0.39921875 0.5421875 0.18515625 0.0640625
2 0.57578125 0.5359375 0.17265625 0.065625
2 0.203125 0.7828125 0.10625 0.13046875
4 0.3015625 0.78125 0.08671875 0.1359375
4 0.38515625 0.77734375 0.0859375 0.1328125
4 0.4765625 0.77421875 0.09375 0.1375
2 0.55625 0.7734375 0.08515625 0.128125
2 0.6421875 0.771875 0.08671875 0.12734375
2 0.73046875 0.77265625 0.0921875 0.12734375
3 0.84375 0.728125 0.140625 0.0953125
4 0.90078125 0.64453125 0.17578125 0.06484375
2 0.8953125 0.584375 0.1828125 0.05859375
4 0.88984375 0.51875 0.1953125 0.0625
2 0.87578125 0.44765625 0.18125 0.0640625
4 0.853125 0.37578125 0.1640625 0.065625
4 0.8484375 0.3078125 0.1609375 0.05859375
4 0.85 0.2453125 0.14921875 0.05546875