4 0.209219178125 0.98651506875 0.44855342499999995 0.9972602734375 0.2872369859375 0.8688219171875 0.209219178125 0.98651506875
2 0.3607780828125 0.721726028125 0.295146575 0.8345863015624999 0.431946575 0.99456164375 0.6217301375 0.9874438359375001 0.3607780828125 0.721726028125
2 0.452110959375 0.5556520546875 0.36239452031249997 0.7050712328125 0.6205438359375 0.9972602734375 0.71899315 0.81425479375 0.452110959375 0.5556520546875
2 0.453304109375 0.5531424656249999 0.7106904109375 0.816627396875 0.7972780828125 0.6339452062500001 0.5434438359375 0.38720821875 0.453304109375 0.5531424656249999
2 0.5429671234375 0.3837753421875 0.79609315 0.6434356171875 0.88030821875 0.47024383593749997 0.6312191781250001 0.24723013749999997 0.5429671234375 0.3837753421875
2 0.637612328125 0.251772603125 0.876750684375 0.4844794515625 0.9550356171875001 0.323150684375 0.71899315 0.10725479375 0.637612328125 0.251772603125
2 0.7972780828125 0 0.7247863015625 0.1048219171875 0.9585945203125 0.3397589046875 0.9986301375 0.23062465781250002 0.9941780828125 0.1452136984375 0.7972780828125 0
2 0.02989178125 0.9018328765625 0.1484589046875 0.7051205484375 0.00019178125 0.5580246578125 0.0013780828125 0.8688219171875 0.02989178125 0.9018328765625
2 0.159134246875 0.71223835625 0.2623287671875 0.541419178125 0.02989178125 0.309057534375 0 0.37534520625 0.00019178125 0.5627698624999999 0.159134246875 0.71223835625
2 0.0386095890625 0.29909315 0.26470137031249996 0.5343013703125 0.3572205484375 0.3634821921875 0.1306671234375 0.16419452031249998 0.0386095890625 0.29909315
2 0.13200821875 0.15463561718750002 0.3607780828125 0.3634821921875 0.458042465625 0.199780821875 0.2362328765625 0.0171013703125 0.13200821875 0.15463561718750002
2 0.23386164375 0.0147287671875 0.4520589046875 0.20444931562500002 0.5470027390625 0.059805479687499996 0.4841369859375 0.00049315 0.2469095890625 0 0.23386164375 0.0147287671875